=~=~=~=~=~=~=~=~=~=~=~= PuTTY log 2022.03.09 09:52:49 =~=~=~=~=~=~=~=~=~=~=~=
0.
0.15
0.18

0.11
0.13
0.16
0.19
0.23
0.26
0.28
0.29
0.29
0.28
0.25
0.22
0.18
0.15
0.13
0.11
0.10
0.11
0.12
0.15
0.18
0.22
0.12
0.11
0.10
0.11
0.13
0.16
0.19
0.23
0.27
0.29
0.30
0.30
0.28
0.26
0.22
0.18
0.15
0.13
0.11
0.11
0.11
0.13
0.16
0.19
0.22
0.26
0.28
0.29
0.29
0.28
0.26
0.23
0.19
0.16
0.13
0.11
0.10
0.11
0.12
0.14
0.17
0.21
0.25
0.27
0.29
0.30
0.29
0.27
0.24
0.21
0.17
0.14
0.12
0.11
0.11
0.12
0.14
0.17
0.20
0.23
0.26
0.29
0.29
0.29
0.28
0.25
0.22
0.18
0.15
0.13
0.11
0.10
0.11
0.12
0.15
0.18
0.22
0.25
0.28
0.30
0.30
0.29
0.26
0.23
0.19
0.16
0.13
0.12
0.11
0.11
0.13
0.15
0.18
0.22
0.25
0.27
0.29
0.29
0.29
0.27
0.23
0.20
0.16
0.14
0.12
0.11
0.10
0.11
0.14
0.17
0.21
0.24
0.27
0.29
0.30
0.29
0.27
0.24
0.20
0.16
0.14
0.12
0.11
0.02
0.02
0.02
0.02
0.02
0.02
0.02
0.02
0.02
0.02
0.02
0.02
0.02
0.02
0.02
0.02
0.02
0.02
0.02
0.02
0.02
0.02
0.02
0.02
0.02
0.02
0.02
0.02
0.02
0.02
0.02
0.02
0.02
0.02
0.02
0.02
0.02
0.02
0.02
0.02
0.02
0.02
0.02
0.02
0.02
0.02
0.02
0.02
0.02
0.02
0.02
0.02
0.02
0.02
0.02
0.02
0.02
0.02
0.02
0.02
0.02
0.02
0.02
0.02
0.02
0.02
0.02
0.02
0.02
0.02
0.02
0.02
0.02
0.02
0.02
0.02
0.02
0.02
0.02
0.02
0.02
0.02
0.02
0.02
0.02
0.02
0.02
0.02
0.02
0.02
0.02
0.02
0.02
0.02
0.02
0.02
0.02
0.02
0.16
0.23
0.19
0.16
0.13
0.11
0.11
0.11
0.13
0.15
0.18
0.22
0.25
0.27
0.29
0.29
0.28
0.26
0.23
0.19
0.16
0.13
0.11
0.10
0.11
0.12
0.14
0.18
0.22
0.25
0.28
0.29
0.30
0.29
0.26
0.22
0.18
0.15
0.13
0.11
0.11
0.11
0.13
0.15
0.19
0.22
0.25
0.28
0.29
0.29
0.28
0.25
0.22
0.18
0.15
0.13
0.11
0.10
0.11
0.13
0.16
0.19
0.23
0.26
0.29
0.29
0.29
0.28
0.25
0.21
0.18
0.14
0.12
0.11
0.11
0.12
0.14
0.17
0.20
0.23
0.26
0.28
0.29
0.29
0.27
0.24
0.20
0.16
0.14
0.12
0.11
0.10
0.11
0.13
0.16
0.20
0.24
0.27
0.29
0.30
0.29
0.27
0.24
0.20
0.16
0.14
0.12
0.11
0.11
0.12
0.14
0.18
0.22
0.25
0.28
0.29
0.29
0.28
0.26
0.22
0.19
0.15
0.13
0.11
0.10
0.11
0.12
0.15
0.18
0.22
0.25
0.28
0.30
0.30
0.28
0.26
0.22
0.18
0.15
0.13
0.11
0.11
0.11
0.13
0.16
0.20
0.23
0.26
0.28
0.29
0.29
0.27
0.25
0.21
0.17
0.14
0.12
0.11
0.10
0.11
0.13
0.16
0.20
0.24
0.27
0.29
0.30
0.29
0.27
0.23
0.20
0.16
0.13
0.12
0.11
0.11
0.13
0.15
0.18
0.22
0.25
0.28
0.29
0.29
0.28
0.25
0.22
0.18
0.15
0.13
0.11
0.10
0.11
0.12
0.15
0.19
0.23
0.26
0.29
0.30
0.29
0.27
0.25
0.21
0.17
0.14
0.12
0.11
0.11
0.12
0.14
0.18
0.21
0.24
0.27
0.29
0.29
0.29
0.26
0.23
0.19
0.16
0.13
0.11
0.10
0.11
0.12
0.15
0.19
0.23
0.26
0.29
0.30
0.30
0.28
0.25
0.21
0.17
0.14
0.12
0.11
0.11
0.12
0.14
0.18
0.20
0.24
0.27
0