=~=~=~=~=~=~=~=~=~=~=~= PuTTY log 2022.03.09 10:08:52 =~=~=~=~=~=~=~=~=~=~=~=
0
0.2620
0.2463
0.2111
0.1642
0.1290
0.1056
0.0938
0.1017
0.1329
0.1760
0.2190
0.2542
0.2737
0.2111
0.2463
0.2620
0.2581
0.2385
0.1994
0.1525
0.1212
0.1017
0.0938
0.1095
0.1408
0.1877
0.2307
0.2620
0.2737
0.2659
0.2346
0.1877
0.1447
0.1173
0.1017
0.1017
0.1251
0.1603
0.1994
0.2385
0.2620
0.2659
0.2463
0.2151
0.1720
0.1329
0.1095
0.0938
0.1017
0.1251
0.1642
0.2111
0.2502
0.2698
0.2737
0.2502
0.2111
0.1642
0.1290
0.1056
0.0978
0.1095
0.1408
0.1760
0.2151
0.2502
0.2659
0.2581
0.2346
0.1955
0.1525
0.1212
0.1017
0.0938
0.1095
0.1408
0.1838
0.2268
0.2620
0.2737
0.2659
0.2385
0.1955
0.1525
0.1212
0.1017
0.1017
0.1134
0.1447
0.1877
0.2268
0.2542
0.2659
0.2542
0.2268
0.1877
0.1447
0.1134
0.0978
0.0938
0.1134
0.1486
0.1916
0.2346
0.2659
0.2737
0.2620
0.2307
0.1877
0.1447
0.1173
0.1017
0.1017
0.1173
0.1525
0.1916
0.2307
0.2542
0.2659
0.2542
0.2268
0.1877
0.1447
0.1173
0.0978
0.0938
0.1095
0.1447
0.1877
0.2268
0.2620
0.2776
0.2698
0.2385
0.1994
0.1564
0.1251
0.1056
0.0978
0.1134
0.1408
0.1799
0.2190
0.2463
0.2659
0.2620
0.2385
0.2072
0.1642
0.1290
0.1056
0.0938
0.1017
0.1251
0.1642
0.2072
0.2463
0.2698
0.2737
0.2581
0.2229
0.1760
0.1369
0.1134
0.0978
0.1017
0.1212
0.1564
0.1955
0.2307
0.2581
0.2659
0.2542
0.2268
0.1877
0.1447
0.1173
0.0978
0.0938
0.1095
0.1408
0.1838
0.2229
0.2581
0.2737
0.2698
0.2463
0.2072
0.1642
0.1290
0.1056
0.0978
0.1056
0.1329
0.1681
0.2072
0.2385
0.2620
0.2659
0.2502
0.2190
0.1760
0.1408
0.1134
0.0978
0.0938
0.1134
0.1486
0.1916
0.2307
0.2620
0.2737
0.2659
0.2424
0.1994
0.1564
0.1251
0.1056
0.0978
0.1095
0.1369
0.1760
0.2072
0.2424
0.2620
0.2620
0.2463
0.2151
0.1720
0.1369
0.1095
0.0938
0.0978
0.1173
0.1486
0.1955
0.2346
0.2620
0.2737
0.2659
0.2385
0.1994
0.1564
0.1251
0.1056
0.0978
0.1095
0.1369
0.1720
0.2111
0.2424
0.2620
0.0196
0.0196
0.0196
0.0196
0.0196
0.0196
0.0196
0.0196
0.0196
0.0196
0.0196
0.0196
0.0196
0.0196
0.0196
0.0196
0.0196
0.0196
0.0196
0.0196
0.0196
0.0196
0.0196
0.0196
0.0196
0.0156
0.0196
0.0196
0.0196
0.0196
0.0196
0.0196
0.0196
0.0196
0.0196
0.0196
0.0196
0.0196
0.0196
0.0196
0.0156
0.0196
0.0196
0.0196
0.0196
0.0156
0.0196
0.0156
0.0196
0.0156
0.0196
0.0196
0.0196
0.0196
0.0196
0.0196
0.0196
0.0196
0.0196
0.0196
0.0196
0.0196
0.0196
0.0196
0.0196
0.0196
0.0196
0.0196
0.0196
0.0196
0.0196
0.0196
0.0196
0.0196
0.0196
0.0196
0.0196
0.0196
0.0196
0.0196
0.0196
0.0196
0.0196
0.0196
0.0196
0.0196
0.0196
0.0196
0.0196
0.0196
0.0196
0.0196
0.0196
0.0196
0.0196
0.0196
0.0196
0.0196
0.0196
0.0196
0.0196
0.0196
0.0196
0.0196
0