=~=~=~=~=~=~=~=~=~=~=~= PuTTY log 2022.03.09 10:23:41 =~=~=~=~=~=~=~=~=~=~=~=
0.74
0.0274
0.0274
0.0313
0.0313
0.0274
0.0313
0.0313
0.0352
0.0391
0.0391
0.0391
0.0391
0.0352
0.0313
0.0274
0.0274
0.0274
0.0274
0.0313
0.0313
0.0274
0.0274
0.0274
0.0313
0.0313
0.0352
0.0352
0.0391
0.0391
0.0391
0.0352
0.0313
0.0274
0.0274
0.0274
0.0274
0.0274
0.0313
0.0352
0.0352
0.0391
0.0391
0.0391
0.0352
0.0352
0.0313
0.0274
0.0274
0.0274
0.0274
0.0313
0.0352
0.0352
0.0391
0.0391
0.0391
0.0391
0.0352
0.0313
0.0274
0.0274
0.0274
0.0274
0.0313
0.0313
0.0352
0.0391
0.0391
0.0391
0.0391
0.0352
0.0313
0.0274
0.0274
0.0274
0.0274
0.0313
0.0313
0.0352
0.0391
0.0391
0.0391
0.0391
0.0352
0.0313
0.0274
0.0274
0.0274
0.0274
0.0274
0.0313
0.0352
0.0391
0.0391
0.0391
0.0391
0.0352
0.0313
0.0274
0.0274
0.0274
0.0274
0.0274
0.0313
0.0352
0.0352
0.0391
0.0391
0.0391
0.0352
0.0313
0.0274
0.0274
0.0274
0.0274
0.0274
0.0313
0.0352
0.0391
0.0391
0.0391
0.0391
0.0352
0.0313
0.0274
0.0274
0.0274
0.0274
0.0313
0.0313
0.0352
0.0352
0.0391
0.0391
0.0391
0.0352
0.0313
0.0274
0.0274
0.0274
0.0274
0.0313
0.0313
0.0352
0.0391
0.0391
0.0391
0.0391
0.0352
0.0313
0.0274
0.0274
0.0274
0.0274
0.0313
0.0352
0.0352
0.0391
0.0391
0.0391
0.0352
0.0352
0.0313
0.0274
0.0274
0.0274
0.0274
0.0313
0.0352
0.0352
0.0391
0.0391
0.0391
0.0352
0.0352
0.0313
0.0274
0.0274
0.0274
0.0274
0.0313
0.0352
0.0352
0.0391
0.0391
0.0391
0.0352
0.0313
0.0274
0.0196
0.0196
0.0196
0.0196
0.0196
0.0196
0.0196
0.0196
0.0196
0.0196
0.0196
0.0196
0.0196
0.0156
0.0196
0.0196
0.0196
0.0196
0.0196
0.0196
0.0196
0.0196
0.0196
0.0196
0.0196
0.0196
0.0196
0.0196
0.0196
0.0196
0.0196
0.0196
0.0196
0.0196
0.0196
0.0196
0.0196
0.0196
0.0156
0.0196
0.0196
0.0196
0.0196
0.0196
0.0196
0.0196
0.0196
0.0196
0.0196
0.0196
0.0196
0.0196
0.0196
0.0196
0.0196
0.0196
0.0196
0