=~=~=~=~=~=~=~=~=~=~=~= PuTTY log 2022.03.09 10:22:07 =~=~=~=~=~=~=~=~=~=~=~=
0.25027
0.3324
0.2542
0.2229
0.2385
0.2737
0.3245
0.3754
0.4184
0.4536
0.4653
0.4614
0.4262
0.3675
0.2854
0.2307
0.20.4575
0.4575
0.4379
0.3988
0.3284
0.2463
0.2268
0.2424
0.2893
0.3324
0.3832
0.4262
0.4575
0.4653
0.4536
0.5200
0.4848
0.2737
0.2307
0.2346
0.2659
0.3050
0.3597
0.4066
0.4418
0.4614
0.4536
0.4340
0.3832
0.3089
0.2385
0.2268
0.2463
0.2893
0.3441
0.3949
0.4340
0.4614
0.4692
0.4457
0.4066
0.3402
0.2581
0.2268
0.2385
0.2737
0.3167
0.3715
0.4145
0.4497
0.4653
0.4497
0.4262
0.3675
0.2854
0.2307
0.2268
0.2542
0.3050
0.3558
0.4066
0.4418
0.4653
0.4653
0.4379
0.3871
0.3128
0.2385
0.2268
0.2502
0.2854
0.3324
0.3832
0.4262
0.4536
0.4614
0.4457
0.4066
0.3363
0.2581
0.2229
0.2385
0.2737
0.3245
0.3793
0.4223
0.4536
0.4692
0.4575
0.4184
0.3558
0.2698
0.2307
0.2346
0.2698
0.3128
0.3597
0.4145
0.4457
0.4614
0.4536
0.4262
0.3675
0.2854
0.2307
0.2268
0.2542
0.3011
0.3558
0.4066
0.4457
0.4653
0.4614
0.4340
0.3832
0.3128
0.2385
0.2268
0.2463
0.2854
0.3363
0.3871
0.4301
0.4575
0.4575
0.4418
0.3988
0.3284
0.2502
0.2229
0.2385
0.2776
0.3284
0.3793
0.4262
0.4575
0.4653
0.4536
0.4145
0.3519
0.2698
0.2307
0.2346
0.2659
0.3089
0.3597
0.4066
0.4418
0.4614
0.4536
0.4262
0.3754
0.2933
0.2307
0.2268
0.2502
0.2972
0.3519
0.4027
0.4379
0.4614
0.4653
0.4418
0.3910
0.3167
0.2424
0.2268
0.2463
0.2815
0.3363
0.3832
0.4301
0.4497
0.4614
0.4418
0.4066
0.3402
0.2581
0.2268
0.2346
0.2698
0.3206
0.3754
0.4223
0.4536
0.4653
0.4614
0.4223
0.3636
0.2815
0.2307
0.2307
0.2620
0.3050
0.3480
0.4027
0.4418
0.4614
0.4575
0.4340
0.3871
0.3128
0.2385
0.2229
0.2463
0.2893
0.3441
0.3910
0.4340
0.4614
0.4653
0.4457
0.4066
0.3402
0.2581
0.2268
0.2346
0.2737
0.3206
0.3675
0.4145
0.4497
0.4614
0.4497
0.4223
0.3597
0.2776
0.2307
0.2307
0.2581
0.3050
0.3597
0.4106
0.4457
0.4653
0.0196
0.0196
0.0196
0.0196
0.0196
0.0196
0.0196
0.0196
0.0196
0.0196
0.0196
0.0196
0.0196
0.0196
0.0196
0.0196
0.0196
0.0196
0.0196
0.0196
0.0196
0.0196
0.0196
0.0196
0.0196
0.0196
0.0196
0.0196
0.0196
0.0196
0.0196
0.0196
0.0196
0.0196
0.0196
0.0196
0.0196
0.0196
0.0196
0.0196
0.0196
0.0196
0.0196
0.0196
0.0196
0.0196
0.0196
0.0196
0.0196
0.0196
0.0196
0.0196
0.0196
0.0196
0.0196
0.0196
0