=~=~=~=~=~=~=~=~=~=~=~= PuTTY log 2022.03.09 10:20:00 =~=~=~=~=~=~=~=~=~=~=~=
01799
0.2151
0.2581
0.2972
0.3284
0.3519
0.3441
0.3284
0.2893
0.2659
0.1799
0.1603
0.3167
0.6725
0.2229
0.1564
0.1681
0.1994
0.2463
0.2854
0.3206
0.3402
0.3519
0.3324
0.3050
0.2581
0.1994
0.1642
0.1564
0.1799
0.2033
0.2620
0.3050
0.3245
0.3441
0.3441
0.3245
0.2933
0.2463
0.1877
0.1603
0.1603
0.1799
0.2190
0.2659
0.3011
0.3324
0.3480
0.3519
0.3284
0.2854
0.2307
0.1799
0.1564
0.1603
0.1877
0.2229
0.2620
0.3089
0.3363
0.3519
0.3441
0.3167
0.2776
0.2268
0.1760
0.1564
0.1642
0.1916
0.2346
0.2776
0.3167
0.3363
0.3519
0.3441
0.3128
0.2737
0.2111
0.1681
0.1564
0.1720
0.1994
0.2385
0.2815
0.3167
0.3441
0.3519
0.3363
0.3011
0.2581
0.1955
0.1642
0.1603
0.1760
0.2151
0.2581
0.2972
0.3324
0.3480
0.3441
0.3324
0.2933
0.2424
0.1838
0.1603
0.1642
0.1877
0.2190
0.2620
0.3050
0.3324
0.3558
0.3441
0.3167
0.2776
0.2190
0.1720
0.1603
0.1681
0.2033
0.2424
0.2893
0.3245
0.3441
0.3480
0.3363
0.2972
0.2463
0.1877
0.1603
0.1642
0.1838
0.2229
0.2620
0.3050
0.3324
0.3519
0.3402
0.3167
0.2737
0.2151
0.1681
0.1564
0.1720
0.2072
0.2502
0.2933
0.3284
0.3480
0.3480
0.3284
0.2933
0.2346
0.1799
0.1564
0.1681
0.1916
0.2307
0.2737
0.3089
0.3402
0.3519
0.3363
0.3011
0.2502
0.1955
0.1603
0.1603
0.1838
0.2268
0.2659
0.3050
0.3363
0.3519
0.3480
0.3167
0.2737
0.2111
0.1681
0.1603
0.1760
0.2072
0.2463
0.2933
0.3284
0.3441
0.3441
0.3245
0.2854
0.2307
0.1760
0.1564
0.1681
0.1994
0.2424
0.2854
0.3167
0.3441
0.3519
0.3402
0.3011
0.2502
0.1916
0.1603
0.1603
0.1838
0.2190
0.2659
0.3011
0.3324
0.3558
0.3402
0.3128
0.2698
0.2072
0.1642
0.1564
0.1760
0.2111
0.2542
0.2972
0.3284
0.3480
0.3519
0.3245
0.2854
0.2268
0.1760
0.1564
0.1681
0.1955
0.2346
0.2776
0.3167
0.3441
0.3480
0.3284
0.3011
0.2502
0.1916
0.1603
0.1603
0.1838
0.2229
0.2698
0.3089
0.3363
0.3480
0.3441
0.3167
0.2737
0.2111
0.1681
0.1564
0.1760
0.2033
0.2424
0.2933
0.3245
0.0196
0.0196
0.0196
0.0196
0.0196
0.0196
0.0196
0.0196
0.0196
0.0196
0.0196
0.0196
0.0196
0.0196
0.0196
0.0196
0.0196
0.0196
0.0196
0.0196
0.0196
0.0196
0.0196
0.0196
0.0196
0.0196
0.0196
0.0196
0.0196
0.0196
0.0196
0.0196
0.0196
0.0196
0.0196
0.0196
0.0196
0.0196
0.0196
0.0196
0.0196
0.0196
0.0196
0.0196
0.0196
0.0196
0.0196
0.0196
0.0196
0.0196
0.0196
0.0196
0.0196
0.0196
0.0196
0.0196
0.0196
0.0196
0.0196
0.0196
0.0196
0.0196
0.0196
0.0196
0.0196
0.0196
0.0196
0.0196
0.0196
0.0196
0.0196
0.0196
0.0196
0.0196
0.0196
0.0196
0.0196
0.0196
0.0196
0.0196
0.0196
0.0196
0.0196
0.0196
0.0196
0.0196
0.0196
0.0196
0.0196
0.0196
0.0196
0.0196
0.0196
0.0196
0.0196
0.0196
0.0196
0.0196
0.0196
0.0196
0.0196
0.0196
0.0196
0.0196
0.0196
0.0196
0.0196
0.0196
0.0196
0.0196
0.0196
0.0196
0.0196
0.0196
0.0196
0.0196
0.0196
0.0196
0.0196
0.0196
0.0196
0.0196
0.0196
0.0196
0.0196
0.0196
0.0196
0.0196
0.0196
0.0196
0.0196
0.0196
0.0196
0.0196
0.0196
0.0196
0.0196
0.0196
0.0196
0.0196
0.0196
0.0196
0.0196
0.0196
0.0196
0.0196
0.0196
0.0196
0.0196
0.0196
0.0196
0.3011
0.3402
0.3480
0.3363
0.3206
0.2776
0.2229
0.1720
0.1564
0.1681
0.1955
0.2385
0.2776
0.3167
0.3402
0