0.175953
0.179863
0.175953
0.175953
0.164223
0.156403
0.160313
0.164223
0.164223
0.168133
0.175953
0.175953
0.179863
0.179863
0.175953
0.164223
0.160313
0.160313
0.156403
0.156403
0.168133
0.168133
0.172043
0.172043
0.179863
0.179863
0.168133
0.164223
0.160313
0.156403
0.156403
0.156403
0.160313
0.164223
0.179863
0.179863
0.175953
0.117302
0.113392
0.117302
0.121212
0.117302
0.125122
0.117302
0.117302
0.113392
0.113392
0.117302
0.113392
0.121212
0.113392
0.109482
0.117302
0.113392
0.121212
0.117302
0.117302
0.117302
0.121212
0.113392
0.125122
0.117302
0.117302
0.113392
0.121212
0.121212
0.121212
0.117302
0.117302
0.113392
0.117302
0.117302
0.121212
0.125122
0.113392
0.117302
0.113392
0.125122
0.117302
0.121212
0.117302
0.121212
0.117302
0.117302
0.121212
0.117302
0.117302
0.121212
0.121212
0.117302
0.125122
0.125122
0.129032
0.121212
0.129032
0.121212
0.129032
0.125122
0.164223
0.164223
0.168133
0.175953
0.175953
0.183773
0.183773
0.179863
0.175953
0.168133
0.164223
0.164223
0.160313
0.175953
0.183773
0.183773
0.187683
0.191593
0.183773
0.183773
0.179863
0.168133
0.164223
0.160313
0.164223
0.172043
0.175953
0.183773
0.183773
0.187683
0.183773
0.179863
0.175953
0.164223
0.168133
0.160313
0.168133
0.172043
0.179863
0.121212
0.121212
0.125122
0.117302
0.117302
0.121212
0.117302
0.117302
0.121212
0.117302
0.117302
0.117302
0.113392
0.113392
0.121212
0.117302
0.113392
0.117302
0.117302
0.121212
0.125122
0.117302
0.121212
0.113392
0.125122
0.125122
0.132942
0.121212
0.168133
0.160313
0.168133
0.164223
0.168133
0.175953
0.187683
0.183773
0.187683
0.179863
0.175953
0.168133
0.164223
0.160313
0.164223
0.168133
0.172043
0.183773
0.183773
0.183773
0.187683
0.175953
0.175953
0.168133
0.168133
0.168133
0.164223
0.172043
0.175953
0.187683
0.183773
0.179863
0.179863
0.172043
0.168133
0.168133
0.168133
0.164223
0.168133
0.179863
0.183773
0.175953
0.183773
0.125122
0.125122
0.125122
0.125122
0.121212
0.125122
0.121212
0.121212
0.121212
0.121212
0.121212
0.121212
0.117302
0.121212
0.132942
0.117302
0.125122
0.125122
0.125122
0.121212
0.125122
0.125122
0.117302
0.125122
0.117302
0.113392
0.117302
0.117302
0.125122
0.117302
0.121212
0.121212
0.125122
0.125122
0.117302
0.121212
0.121212
0.113392
0.125122
0.117302
0.121212
0.121212
0.117302
0.117302
0.121212
0.117302
0.121212
0.160313
0.172043
0.168133
0.164223
0.168133
0.172043
0.175953
0.179863
0.175953
0.183773
0.175953
0.172043
0.168133
0.164223
0.160313
0.164223
0.172043
0.175953
0.183773
0.183773
0.183773
0.183773
0.175953
0.168133
0.172043
0.156403
0.168133
0.164223
0.168133
0.179863
0.179863
0.179863
0.179863
0.175953
0.168133
0.160313
0.168133
0.160313
0.164223
0.168133
0.179863
0.179863
0.183773
0.183773
0.183773
0.172043
0