0,0.255718
1,0.272571
2,0.270928
3,0.265533
4,0.269521
5,0.271515
6,0.273040
7,0.271241
8,0.270968
9,0.270498
10,0.271515
11,0.269677
12,0.274213
13,0.271515
14,0.275073
15,0.272884
16,0.273353
17,0.274096
18,0.272180
19,0.274174
20,0.270498
21,0.270772
22,0.270381
23,0.270733
24,0.272649
25,0.272062
26,0.271750
27,0.272414
28,0.272805
29,0.272180
30,0.273392
31,0.270928
32,0.272844
33,0.272219
34,0.275073
35,0.275738
36,0.274682
37,0.274408
38,0.279452
39,0.295601
40,0.324731
41,0.355386
42,0.382287
43,0.395660
44,0.401016
45,0.403753
46,0.404027
47,0.404535
48,0.406334
49,0.407507
50,0.407859
51,0.406569
52,0.404262
53,0.397888
54,0.362229
55,0.426627
56,0.567351
57,0.709208
58,0.695210
59,0.538142
60,0.439257
61,0.300215
62,0.252238
63,0.225063
64,0.268309
65,0.344477
66,0.522619
67,0.765044
68,1.092786
69,1.271124
70,1.325044
71,1.325357
72,1.333412
73,1.333998
74,1.335288
75,1.331691
76,1.330987
77,1.329892
78,1.334702
79,1.336031
80,1.331887
81,1.323793
82,1.311789
83,1.276872
84,1.174976
85,1.049775
86,0.853294
87,0.598357
88,0.312180
89,0.182991
90,0.154096
91,0.154409
92,0.149638
93,0.148465
94,0.147840
95,0.147331
96,0.144360
97,0.142444
98,0.140723
99,0.137439
100,0.137048
101,0.136852
102,0.142756
103,0.140801
104,0.139277
105,0.143460
106,0.142365
107,0.144399
108,0.148661
109,0.156676
110,0.176148
111,0.198944
112,0.268191
113,0.365317
114,0.515190
115,0.597575
116,0.622365
117,0.622834
118,0.628113
119,0.629521
120,0.629169
121,0.629560
122,0.632649
123,0.634095
124,0.637302
125,0.640000
126,0.636089
127,0.628269
128,0.606803
129,0.574701
130,0.505923
131,0.425650
132,0.301701
133,0.210948
134,0.154760
135,0.151085
136,0.147292
137,0.146667
138,0.146119
139,0.142913
140,0.144829
141,0.142365
142,0.142796
143,0.143930
144,0.141740
145,0.141310
146,0.140919
147,0.140293
148,0.140371
149,0.139511
150,0.137634
151,0.136305
152,0.133138
153,0.132786
154,0.134975
155,0.131300
156,0.131261
157,0.135366
158,0.136500
159,0.135406
160,0.137869
161,0.139120
162,0.138729
163,0.138377
164,0.138221
165,0.140410
166,0.144438
167,0.141271
168,0.139550
169,0.142561
170,0.141153
171,0.140489
172,0.139941
173,0.139550
174,0.139980
175,0.141740
176,0.140098
177,0.139746
178,0.139785
179,0.139159
180,0.139042
181,0.140606
182,0.141075
183,0.143030
184,0.143421
185,0.143969
186,0.144086
187,0.140567
188,0.142913
189,0.143578
190,0.138573
191,0.140567
192,0.142952
193,0.144516
194,0.144594
195,0.146119
196,0.153431
197,0.154604
198,0.160391
199,0.179003
200,0.221310
201,0.261974
202,0.321564
203,0.399726
204,0.616422
205,0.892277
206,1.244301
207,1.389912
208,1.408681
209,1.410088
210,1.420919
211,1.425220
212,1.425493
213,1.423226
214,1.422288
215,1.426784
216,1.431280
217,1.432415
218,1.435386
219,1.418025
220,1.399961
221,1.355191
222,1.224203
223,1.016070
224,0.645787
225,0.366490
226,0.167116
227,0.154760
228,0.151007
229,0.152219
230,0.149521
231,0.142756
232,0.140528
233,0.141310
234,0.139081
235,0.136148
236,0.135797
237,0.135015
238,0.136422
239,0.132551
240,0.134624
241,0.135484
242,0.132747
243,0.133881
244,0.135406
245,0.133020
246,0.134741
247,0.137009
248,0.136266
249,0.137009
250,0.135171
251,0.132082
252,0.134975
253,0.135132
254,0.132551
255,0.132903
256,0.135523
257,0.135718
258,0.137752
259,0.133685
260,0.132786
261,0.133490
262,0.130518
263,0.128719
264,0.130518
265,0.128446
266,0.129462
267,0.128367
268,0.129892
269,0.128758
270,0.129228
271,0.130049
272,0.128524
273,0.133020
274,0.134741
275,0.132278
276,0.132629
277,0.131535
278,0.132004
279,0.131222
280,0.133685
281,0.132121
282,0.127585
283,0.127390
284,0.128641
285,0.127781
286,0.126725
287,0.128446
288,0.131144
289,0.131926
290,0.131574
291,0.130518
292,0.130244
293,0.129814
294,0.129736
295,0.130870
296,0.129892
297,0.130909
298,0.132629
299,0.133216
300,0.138768
301,0.143226
302,0.146158
303,0.151945
304,0.167038
305,0.176891
306,0.187331
307,0.191867
308,0.190068
309,0.190225
310,0.189990
311,0.191124
312,0.191984
313,0.194291
314,0.197888
315,0.201056
316,0.203675
317,0.205278
318,0.204731
319,0.201838
320,0.200586
321,0.199140
322,0.182952
323,0.168602
324,0.150538
325,0.147996
326,0.147370
327,0.146002
328,0.146041
329,0.146432
330,0.144399
331,0.141466
332,0.141075
333,0.136696
334,0.131926
335,0.125318
336,0.125005
337,0.126412
338,0.131730
339,0.134154
340,0.134702
341,0.134663
342,0.135093
343,0.135914
344,0.136109
345,0.135523
346,0.134663
347,0.134780
348,0.134506
349,0.132786
350,0.132356
351,0.132903
352,0.134233
353,0.131926
354,0.132629
355,0.133763
356,0.132278
357,0.130987
358,0.128758
359,0.129032
360,0.128680
361,0.127703
362,0.131965
363,0.133959
364,0.142014
365,0.154760
366,0.170440
367,0.171574
368,0.171105
369,0.173060
370,0.171183
371,0.170244
372,0.172317
373,0.174193
374,0.174193
375,0.175992
376,0.177791
377,0.174154
378,0.175249
379,0.176031
380,0.176188
381,0.176618
382,0.176266
383,0.167703
384,0.155308
385,0.143578
386,0.132512
387,0.130010
388,0.127507
389,0.129697
390,0.130831
391,0.130010
392,0.131730
393,0.130244
394,0.127898
395,0.128563
396,0.126960
397,0.128250
398,0.128485
399,0.127546
400,0.128719
401,0.128016
402,0.127507
403,0.127351
404,0.128250
405,0.131183
406,0.132825
407,0.133099
408,0.133294
409,0.133372
410,0.130713
411,0.131339
412,0.129267
413,0.131222
414,0.131652
415,0.129540
416,0.133372
417,0.137087
418,0.134389
419,0.136148
420,0.136696
421,0.136539
422,0.138573
423,0.137087
424,0.135327
425,0.138260
426,0.144907
427,0.145767
428,0.159061
429,0.172043
430,0.194252
431,0.210674
432,0.217947
433,0.211613
434,0.210244
435,0.209071
436,0.209149
437,0.208133
438,0.208289
439,0.205357
440,0.207312
441,0.210127
442,0.208915
443,0.208758
444,0.209931
445,0.212395
446,0.204105
447,0.196833
448,0.187683
449,0.176461
450,0.155542
451,0.136266
452,0.133802
453,0.136461
454,0.133881
455,0.133138
456,0.133959
457,0.132981
458,0.133842
459,0.133920
460,0.137126
461,0.135445
462,0.133959
463,0.130401
464,0.129501
465,0.130401
466,0.130713
467,0.130440
468,0.131456
469,0.133646
470,0.132004
471,0.135249
472,0.136070
473,0.134311
474,0.136070
475,0.131769
476,0.131378
477,0.132942
478,0.135914
479,0.134584
480,0.130596
481,0.131026
482,0.130674
483,0.132043
484,0.130635
485,0.131183
486,0.129228
487,0.128446
488,0.132825
489,0.130088
490,0.131026
491,0.131222
492,0.134233
493,0.134350
494,0.132121
495,0.129540
496,0.129580
497,0.129501
498,0.129189
499,0.127820
500,0.128954
501,0.125513
502,0.128016
503,0.127507
504,0.131730
505,0.130831
506,0.133920
507,0.132512
508,0.131574
509,0.133060
510,0.133998
511,0.132004
512,0.132512
513,0.129658
514,0.132160
515,0.132786
516,0.133411
517,0.131652
518,0.133568
519,0.132043
520,0.131183
521,0.129736
522,0.132551
523,0.128289
524,0.129736
525,0.131926
526,0.135171
527,0.130010
528,0.130987
529,0.132903
530,0.134741
531,0.131026
532,0.135249
533,0.132669
534,0.130518
535,0.130166
536,0.132590
537,0.133177
538,0.134428
539,0.133099
540,0.131417
541,0.133451
542,0.132864
543,0.130987
544,0.133724
545,0.132199
546,0.134584
547,0.134584
548,0.132825
549,0.132981
550,0.133020
551,0.131613
552,0.131730
553,0.130909
554,0.129267
555,0.128993
556,0.128446
557,0.129697
558,0.129619
559,0.130127
560,0.131026
561,0.130283
562,0.130831
563,0.131417
564,0.129423
565,0.130518
566,0.131456
567,0.127273
568,0.130674
569,0.130792
570,0.133294
571,0.133216
572,0.134233
573,0.133646
574,0.133607
575,0.133333
576,0.131847
577,0.132082
578,0.133060
579,0.131144
580,0.131026
581,0.129814
582,0.129384
583,0.127234
584,0.126295
585,0.125826
586,0.126725
587,0.127820
588,0.126803
589,0.126139
590,0.125865
591,0.124887
592,0.126412
593,0.125435
594,0.125044
595,0.127898
596,0.127077
597,0.126725
598,0.127155
599,0.128446
