=~=~=~=~=~=~=~=~=~=~=~= PuTTY log 2022.03.11 09:42:35 =~=~=~=~=~=~=~=~=~=~=~=

0.20
0.238514
038514
0.238514
0.238514
0.238514
0.234604
0.238514
0.238514
0.234604
0.238514
0.238514
0.238514
0.234604
0.238514
0.2314
0.238514
0.238514
0.238514
0.234604
0.238514
0.238514
0.234604
0.238514
0.238514
0.238514
0.234604
0.238514
0.238514
0.23851SHxr’0.234604
0.234604
0.234604
0.238514
0.238514
0.238514
0.234604
0.234604
0.238514
0.234604
0.238514
0.238514
0.238514
0.238514
0.238514
0.234604
0.238514
0.238514
0.234604
0.238514
0.234604
0.238514
0.238514
0.234604
0.234604
0.238514
0.238514
0.238514
0.238514
0.238514
0.238514
0.238514
0.238514
0.238514
0.238514
0.234604
0.238514
0.234604
0.238514
0.238514
0.238514
0.238514
0.238514
0.234604
0.238514
0.238514
0.238514
0.238514
0.238514
0.234604
0.238514
0.238514
0.234604
0.238514
0.234604
0.238514
0.238514
0.234604
0.238514
0.238514
0.234604
0.234604
0.238514
0.238514
0.234604
0.238514
0.238514
0.238514
0.234604
0.238514
0.238514
0.234604
0.234604
0.238514
0.234604
0.238514
0.238514
0.238514
0.238514
0.238514
0.238514
0.238514
0.238514
0.238514
0.238514
0.234604
0.238514
0.238514
0.234604
0.238514
0.238514
0.238514
0.238514
0.238514
0.238514
0.238514
0.234604
0.238514
0.238514
0.234604
0.238514
0.234604
0.234604
0.238514
0.238514
0.234604
0.234604
0.234604
0.234604
0.238514
0.234604
0.234604
0.238514
0.234604
0.234604
0.234604
0.234604
0.238514
0.234604
0.234604
0.238514
0.234604
0.234604
0.238514
0.238514
0.238514
0.238514
0.234604
0.238514
0.234604
0.234604
0.234604
0.238514
0.234604
0.238514
0.234604
0.234604
0.234604
0.234604
0.234604
0.238514
0.234604
0.234604
0.238514
0.234604
0.234604
0.238514
0.234604
0.234604
0.234604
0.234604
0.234604
0.234604
0.238514
0.238514
0.234604
0.238514
0.238514
0.234604
0.238514
0.238514
0.238514
0.238514
0.238514
0.234604
0.238514
0.238514
0.238514
0.238514
0.238514
0.238514
0.242424
0.238514
0.238514
0.242424
0.238514
0.238514
0.242424
0.242424
0.242424
0.383187
0.836755
0.731183
0.508309
0.750733
0.844575
0.555230
0.617791
0.856305
0.742913
0.523949
0.766373
0.864125
0.555230
0.625611
0.871945
0.727273
0.535679
0.785924
0.844575
0.551320
0.649071
0.875855
0.727273
0.539589
0.782014
0.864125
0.551320
0.649071
0.879765
0.711632
0.543499
0.801564
0.844575
0.547410
0.664712
0.879765
0.703812
0.551320
0.801564
0.852395
0.539589
0.668622
0.887586
0.684262
0.555230
0.817204
0.836755
0.535679
0.688172
0.883675
0.676442
0.563050
0.821114
0.832845
0.535679
0.688172
0.883675
0.664712
0.563050
0.821114
0.821114
0.531769
0.703812
0.879765
0.652981
0.574780
0.832845
0.821114
0.527859
0.703812
0.887586
0.637341
0.574780
0.840665
0.813294
0.531769
0.727273
0.883675
0.633431
0.590420
0.848485
0.809384
0.527859
0.719453
0.883675
0.625611
0.586510
0.852395
0.797654
0.527859
0.742913
0.875855
0.609971
0.598240
0.860215
0.789834
0.527859
0.735093
0.883675
0.602151
0.598240
0.864125
0.782014
0.535679
0.750733
0.871945
0.594330
0.617791
0.864125
0.774194
0.531769
0.754643
0.887586
0.586510
0.617791
0.871945
0.762463
0.539589
0.774194
0.871945
0.574780
0.637341
0.879765
0.750733
0.539589
0.782014
0.875855
0.566960
0.641251
0.879765
0.731183
0.543499
0.785924
0.860215
0.559140
0.656891
0.875855
0.727273
0.547410
0.793744
0.856305
0.555230
0.664712
0.879765
0.715542
0.551320
0.805474
0.848485
0.551320
0.668622
0.887586
0.703812
0.559140
0.809384
0.856305
0.543499
0.668622
0.895406
0.695992
0.559140
0.821114
0.840665
0.543499
0.692082
0.887586
0.688172
0.563050
0.817204
0.840665
0.539589
0.680352
0.887586
0.676442
0.574780
0.828934
0.832845
0.539589
0.703812
0.879765
0.668622
0.574780
0.832845
0.825024
0.535679
0.707722
0.899316
0.652981
0.578690
0.844575
0.817204
0.535679
0.723363
0.891496
0.641251
0.590420
0.848485
0.813294
0.531769
0.715542
0.891496
0.633431
0.590420
0.856305
0.801564
0.531769
0.742913
0.887586
0.625611
0.602151
0.860215
0.801564
0.535679
0.739003
0.887586
0.613881
0.602151
0.868035
0.785924
0.535679
0.750733
0.875855
0.602151
0.617791
0.860215
0.778104
0.539589
0.754643
0.883675
0.594330
0.617791
0.871945
0.762463
0.539589
0.762463
0.871945
0.586510
0.629521
0.868035
0.766373
0.539589
0.762463
0.879765
0.582600
0.629521
0.887586
0.746823
0.543499
0.774194
0.860215
0.570870
0.652981
0.875855
0.746823
0.543499
0.778104
0.871945
0.563050
0.645161
0.887586
0.731183
0.551320
0.801564
0.860215
0.559140
0.668622
0.887586
0.723363
0.555230
0.805474
0.856305
0.551320
0.664712
0.891496
0.707722
0.555230
0.813294
0.844575
0.547410
0.684262
0.875855
0.695992
0.559140
0.809384
0.844575
0.543499
0.680352
0.891496
0.684262
0.566960
0.825024
0.825024
0.543499
0.699902
0.887586
0.676442
0.570870
0.825024
0.836755
0.539589
0.695992
0.891496
0.660802
0.570870
0.836755
0.821114
0.539589
0.711632
0.887586
0.652981
0.578690
0.840665
0.821114
0.531769
0.711632
0.895406
0.641251
0.582600
0.848485
0.809384
0.535679
0.727273
0.879765
0.629521
0.594330
0.852395
0.801564
0.531769
0.719453
0.883675
0.621701
0.594330
0.856305
0.797654
0.531769
0.746823
0.879765
0.609971
0.606061
0.860215
0.789834
0.531769
0.746823
0.887586
0.598240
0.606061
0.868035
0.774194
0.531769
0.758553
0.879765
0.590420
0.617791
0.871945
0.770283
0.535679
0.762463
0.883675
0.578690
0.613881
0.875855
0.758553
0.535679
0.782014
0.871945
0.574780
0.637341
0.875855
0.758553
0.539589
0.770283
0.871945
0.566960
0.637341
0.879765
0.739003
0.539589
0.789834
0.864125
0.566960
0.641251
0.879765
0.739003
0.539589
0.782014
0.868035
0.559140
0.637341
0.871945
0.719453
0.547410
0.801564
0.852395
0.555230
0.660802
0.883675
0.719453
0.547410
0.868035
0.856305
0.547410
0.656891
0.895406
0.703812
0.551320
0.805474
0.840665
0.551320
0.668622
0.879765
0.699902
0.555230
0.805474
0.852395
0.543499
0.676442
0.895406
0.684262
0.559140
0.821114
0.832845
0.539589
0.695992
0.887586
0.680352
0.563050
0.821114
0.832845
0.535679
0.692082
0.899316
0.668622
0.566960
0.828934
0.821114
0.535679
0.715542
0.883675
0.656891
0.578690
0.836755
0.805474
0.520039
0.688172
0.875855
0.637341
0.574780
0.817204
0.778104
0.512219
0.680352
0.817204
0.594330
0.539589
0.750733
0.711632
0.473118
0.590420
0.684262
0.488759
0.449658
0.574780
0.531769
0.394917
0.477028
0.531769
0.410557
0.391007
0.461388
0.426197
0.336266
0.359726
0.359726
0.301075
0.285435
0.293255
0.289345
0.281525
0.265885
0.261975
0.261975
0.261975
0.265885
0.261975
0.261975
0.261975
0.261975
0.261975
0.261975
0.261975
0.261975
0.265885
0.261975
0.261975
0.261975
0.261975
0.261975
0.261975
0.261975
0.261975
0.261975
0.261975
0.265885
0.261975
0.261975
0.269795
0.261975
0.261975
0.261975
0.261975
0.265885
0.261975
0.261975
0.265885
0.261975
0.261975
0.261975
0.261975
0.261975
0.269795
0.261975
0.261975
0.261975
0.261975
0.265885
0.261975
0.261975
0.261975
0.261975
0.261975
0.261975
0.261975
0.261975
0.269795
0.261975
0.261975
0.261975
0.261975
0.265885
0.261975
0.261975
0.261975
0.261975
0.261975
0.261975
0.261975
0.261975
0.261975
0.261975
0.261975
0.261975
0.261975
0.265885
0.261975
0.261975
0.261975
0.261975
0.261975
0.261975
0.261975
0.261975
0.261975
0.261975
0.261975
0.261975
0.261975
0.265885
0.261975
0.261975
0.261975
0.261975
0.261975
0.261975
0.261975
0.261975
0.261975
0.261975
0.261975
0.261975
0.261975
0.265885
0.261975
0.261975
0.261975
0.261975
0.261975
0.261975
0.261975
0.261975
0.261975
0.261975
0.261975
0.261975
0.261975
0.265885
0.261975
0.261975
0.261975
0.261975
0.261975
0.261975
0.261975
0.261975
0.261975
0.261975
0.261975
0.261975
0.261975
0.261975
0.258065
0.261975
0.261975
0.261975
0.261975
0.261975
0.261975
0.261975
0.261975
0.261975
0.265885
0.261975
0.261975
0.261975
0.261975
0.261975
0.261975
0.261975
0.261975
0.261975
0.261975
0.261975
0.261975
0.261975
0.261975
0.261975
0.261975
0.261975
0.261975
0.261975
0.261975
0.261975
0.265885
0.261975
0.261975
0.261975
0.261975
0.261975
0.261975
0.261975
0.261975
0.261975
0.261975
0.261975
0.261975
0.261975
0.265885
0.261975
0.261975
0.261975
0.261975
0.261975
0.261975
0.261975
0.258065
0.261975
0.261975
0.261975
0.261975
0.261975
0.261975
0.261975
0.261975
0.261975
0.261975
0.265885
0.261975
0.261975
0.258065
0.261975
0.261975
0.261975
0.261975
0.258065
0.258065
0.261975
0.258065
0.258065
0.261975
0.261975
0.261975
0.261975
0.261975
0.261975
0.258065
0.261975
0.261975
0.258065
0.261975
0.261975
0.261975
0.261975
0.261975
0.261975
0.261975
0.261975
0.261975
0.261975
0.261975
0.261975
0.261975
0.261975
0.261975
0.261975
0.261975
0.261975
0.261975
0.265885
0.261975
0.261975
0.261975
0.261975
0.261975
0.261975
0.261975
0.261975
0.261975
0.261975
0.261975
0.261975
0.261975
0.265885
0.261975
0.261975
0.261975
0.261975
0.261975
0.261975
0.261975
0.261975
0.261975
0.261975
0.261975
0.261975
0.261975
0.258065
0.261975
0.261975
0.261975
0.261975
0.261975
0.261975
0.261975
0.261975
0.261975
0.261975
0.261975
0.261975
0.261975
0.261975
0.261975
0.261975
0.261975
0.261975
0.261975
0.261975
0.261975
0.261975
0.261975
0.261975
0.261975
0.261975
0.261975
0.261975
0.261975
0.261975
0.261975
0.261975
0.265885
0.261975
0.261975
0.261975
0.261975
0.261975
0.261975
0.261975
0.261975
0.261975
0.359726
0.265885
0.261975
0.261975
0.269795
0.261975
0.261975
0.261975
0.261975
0.265885
0.261975
0.261975
0.261975
0.261975
0.265885
0.261975
0.261975
0.261975
0.261975
0.261975
0.265885
0.261975
0.261975
0.265885
0.261975
0.261975
0.261975
0.261975
0.265885
0.261975
0.261975
0.265885
0.261975
0.265885
0.265885
0.261975
0.265885
0.269795
0.265885
0.265885
0.265885
0.261975
0.265885
0.265885
0.265885
0.265885
0.265885
0.261975
0.265885
0.265885
0.261975
0.273705
0.265885
0.265885
0.265885
0.265885
0.269795
0.265885
0.265885
0.265885
0.265885
0.265885
0.265885
0.265885
0.265885
0.273705
0.265885
0.265885
0.265885
0.265885
0.265885
0.265885
0.265885
0.265885
0.265885
0.265885
0.265885
0.265885
0.265885
0.265885
0.265885
0.265885
0.265885
0.265885
0.269795
0.265885
0.265885
0.265885
0.265885
0.265885
0.265885
0.265885
0.265885
0.265885
0.265885
0.265885
0.265885
0.265885
0.269795
0.265885
0.265885
0.265885
0.265885
0.265885
0.265885
0.265885
0.265885
0.265885
0.265885
0.265885
0.265885
0.265885
0.269795
0.265885
0.265885
0.265885
0.265885
0.265885
0.265885
0.265885
0.265885
0.269795
0.265885
0.265885
0.265885
0.265885
0.269795
0.269795
0.265885
0.265885
0.265885
0.265885
0.265885
0.265885
0.265885
0.265885
0.265885
0.265885
0.265885
0.265885
0.269795
0.265885
0.265885
0.265885
0.265885
0.269795
0.265885
0.265885
0.265885
0.265885
0.265885
0.265885
0.265885
0.265885
0.269795
0.269795
0.265885
0.269795
0.265885
0.265885
0.265885
0.265885
0.265885
0.265885
0.265885
0.265885
0.265885
0.265885
0.269795
0.265885
0.265885
0.265885
0.265885
0.265885
0.269795
0.265885
0.265885
0.265885
0.265885
0.265885
0.265885
0.265885
0.269795
0.265885
0.265885
0.265885
0.265885
0.265885
0.265885
0.265885
0.265885
0.265885
0.265885
0.265885
0.265885
0.265885
0.273705
0.265885
0.265885
0.265885
0.265885
0.265885
0.265885
0.265885
0.265885
0.265885
0.265885
0.265885
0.265885
0.265885
0.273705
0.265885
0.265885
0.265885
0.265885
0.265885
0.265885
0.265885
0.265885
0.269795
0.265885
0.265885
0.265885
0.265885
0.277615
0.265885
0.265885
0.265885
0.265885
0.269795
0.265885
0.265885
0.265885
0.265885
0.265885
0.265885
0.265885
0.265885
0.265885
0.265885
0.265885
0.265885
0.265885
0.269795
0.265885
0.265885
0.265885
0.265885
0.265885
0.265885
0.265885
0.265885
0.265885
0.265885
0.265885
0.265885
0.265885
0.269795
0.265885
0.265885
0.265885
0.265885
0.269795
0.265885
0.265885
0.265885
0.265885
0.265885
0.265885
0.265885
0.265885
0.273705
0.265885
0.265885
0.265885
0.265885
0.269795
0.265885
0.265885
0.265885
0.265885
0.265885
0.265885
0.265885
0.265885
0.277615
0.265885
0.265885
0.265885
0.265885
0.269795
0.265885
0.265885
0.265885
0.265885
0.265885
0.265885
0.265885
0.265885
0.265885
0.265885
0.265885
0.265885
0.265885
0.269795
0.265885
0.265885
0.265885
0.265885
0.269795
0.265885
0.265885
0.265885
0.265885
0.265885
0.265885
0.265885
0.265885
0.273705
0.265885
0.265885
0.265885
0.265885
0.265885
0.265885
0.265885
0.265885
0.265885
0.265885
0.265885
0.265885
0.265885
0.273705
0.265885
0.265885
0.265885
0.265885
0.269795
0.265885
0.265885
0.265885
0.265885
0.265885
0.265885
0.265885
0.265885
0.277615
0.265885
0.269795
0.269795
0.265885
0.269795
0.265885
0.265885
0.265885
0.265885
0.273705
0.265885
0.265885
0.265885
0.269795
0.265885
0.265885
0.265885
0.265885
0.269795
0.265885
0.265885
0.265885
0.265885
0.265885
0.265885
0.265885
0.265885
0.265885
0.265885
0.265885
0.265885
0.265885
0.269795
0.265885
0.265885
0.265885
0.265885
0.265885
0.265885
0.265885
0.265885
0.265885
0.265885
0.265885
0.265885
0.265885
0.273705
0.265885
0.265885
0.265885
0.265885
0.265885
0.265885
0.265885
0.265885
0.265885
0.265885
0.265885
0.265885
0.265885
0.273705
0.265885
0.265885
0.269795
0.265885
0.269795
0.265885
0.265885
0.265885
0.265885
0.265885
0.265885
0.265885
0.265885
0.273705
0.265885
0.265885
0.265885
0.265885
0.269795
0.265885
0.265885
0.265885
0.265885
0.265885
0.265885
0.265885
0.265885
0.265885
0.265885
0.265885
0.265885
0.265885
0.269795
0.265885
0.265885
0.265885
0.265885
0.265885
0.265885
0.265885
0.265885
0.265885
0.265885
0.265885
0.265885
0.265885
0.269795
0.265885
0.265885
0.265885
0.265885
0.265885
0.265885
0.265885
0.265885
0.265885
0.265885
0.265885
0.269795
0.265885
0.273705
0.269795
0.265885
0.754643
0.273705
0.265885
0.539589
0.281525
0.265885
0.265885
0.289345
0.265885
0.269795
0.281525
0.273705
0.269795
0.293255
0.265885
0.269795
0.269795
0.269795
0.269795
0.265885
0.269795
0.269795
0.265885
0.269795
0.265885
0.265885
0.269795
0.269795
0.265885
0.269795
0.269795
0.265885
0.269795
0.265885
0.273705
0.269795
0.265885
0.277615
0.269795
0.265885
0.285435
0.265885
0.269795
0.289345
0.269795
0.269795
0.301075
0.265885
0.269795
0.269795
0.265885
0.269795
0.265885
0.269795
0.269795
0.265885
0.269795
0.269795
0.273705
0.269795
0.269795
0.265885
0.269795
0.269795
0.265885
0.269795
0.269795
0.273705
0.269795
0.269795
0.277615
0.269795
0.277615
0.285435
0.269795
0.269795
0.301075
0.269795
0.269795
0.320626
0.265885
0.269795
0.269795
0.265885
0.269795
0.269795
0.269795
0.269795
0.265885
0.269795
0.269795
0.269795
0.269795
0.269795
0.265885
0.269795
0.269795
0.269795
0.269795
0.269795
0.277615
0.265885
0.265885
0.281525
0.269795
0.273705
0.289345
0.265885
0.269795
0.301075
0.269795
0.269795
0.269795
0.269795
0.269795
0.265885
0.269795
0.269795
0.265885
0.277615
0.265885
0.265885
0.269795
0.269795
0.269795
0.269795
0.265885
0.269795
0.265885
0.269795
0.273705
0.265885
0.265885
0.285435
0.265885
0.269795
0.265885
0.265885
0.269795
0.265885
0.265885
0.265885
0.265885
0.265885
0.265885
0.265885
0.269795
0.269795
0.265885
0.265885
0.269795
0.265885
0.269795
0.269795
0.265885
0.265885
0.265885
0.269795
0.269795
0.265885
0.269795
0.265885
0.265885
0.269795
0.265885
0.265885
0.269795
0.265885
0.265885
0.269795
0.265885
0.265885
0.269795
0.265885
0.265885
0.269795
0.265885
0.265885
0.265885
0.265885
0.277615
0.265885
0.269795
0.269795
0.265885
0.269795
0.265885
0.265885
0.265885
0.269795
0.269795
0.265885
0.269795
0.265885
0.277615
0.265885
0.265885
0.269795
0.265885
0.269795
0.269795
0.265885
0.265885
0.269795
0.265885
0.269795
0.269795
0.265885
0.277615
0.269795
0.265885
0.269795
0.269795
0.269795
0.265885
0.265885
0.265885
0.269795
0.265885
0.265885
0.269795
0.265885
0.269795
0.265885
0.265885
0.265885
0.265885
0.269795
0.269795
0.265885
0.269795
0.265885
0.269795
0.265885
0.269795
0.265885
0.265885
0.265885
0.265885
0.269795
0.265885
0.273705
0.265885
0.265885
0.265885
0.265885
0.265885
0.265885
0.265885
0.265885
0.269795
0.265885
0.265885
0.265885
0.265885
0.277615
0.265885
0.265885
0.265885
0.269795
0.269795
0.269795
0.265885
0.265885
0.269795
0.269795
0.265885
0.265885
0.265885
0.277615
0.269795
0.265885
0.265885
0.265885
0.269795
0.265885
0.269795
0.265885
0.269795
0.265885
0.265885
0.265885
0.265885
0.265885
0.265885
0.269795
0.265885
0.265885
0.269795
0.265885
0.269795
0.265885
0.265885
0.265885
0.265885
0.265885
0.265885
0.265885
0.265885
0.265885
0.265885
0.269795
0.273705
0.265885
0.265885
0.265885
0.265885
0.269795
0.265885
0.265885
0.265885
0.265885
0.265885
0.265885
0.265885
0.265885
0.273705
0.265885
0.265885
0.265885
0.265885
0.269795
0.265885
0.265885
0.265885
0.265885
0.265885
0.265885
0.265885
0.265885
0.273705
0.265885
0.265885
0.265885
0.265885
0.269795
0.265885
0.265885
0.265885
0.265885
0.265885
0.265885
0.265885
0.265885
0.265885
0.265885
0.265885
0.265885
0.265885
0.269795
0.265885
0.265885
0.265885
0.265885
0.277615
0.265885
0.265885
0.265885
0.265885
0.265885
0.265885
0.265885
0.265885
0.269795
0.265885
0.265885
0.265885
0.265885
0.265885
0.265885
0.265885
0.265885
0.265885
0.265885
0.265885
0.265885
0.265885
0.273705
0.265885
0.265885
0.265885
0.265885
0.265885
0.265885
0.265885
0.265885
0.265885
0.265885
0.265885
0.265885
0.265885
0.273705
0.265885
0.265885
0.265885
0.265885
0.269795
0.265885
0.265885
0.265885
0.265885
0.265885
0.265885
0.265885
0.265885
0.269795
0.265885
0.265885
0.265885
0.265885
0.269795
0.265885
0.265885
0.265885
0.265885
0.265885
0.265885
0.265885
0.265885
0.265885
0.265885
0.265885
0.265885
0.261975
0.269795
0.265885
0.265885
0.265885
0.261975
0.265885
0.265885
0.265885
0.261975
0.265885
0.265885
0.265885
0.265885
0.265885
0.269795
0.265885
0.265885
0.265885
0.265885
0.265885
0.265885
0.265885
0.265885
0.265885
0.265885
0.265885
0.265885
0.265885
0.273705
0.265885
0.265885
0.265885
0.265885
0.265885
0.265885
0.265885
0.261975
0.265885
0.265885
0.265885
0.265885
0.265885
0.273705
0.261975
0.261975
0.265885
0.265885
0.269795
0.265885
0.265885
0.265885
0.265885
0.265885
0.265885
0.265885
0.265885
0.265885
0.265885
0.265885
0.265885
0.265885
0.269795
0.265885
0.265885
0.265885
0.265885
0.265885
0.265885
0.265885
0.265885
0.265885
0.265885
0.261975
0.265885
0.265885
0.269795
0.265885
0.265885
0.265885
0.265885
0.265885
0.265885
0.265885
0.265885
0.265885
0.265885
0.265885
0.265885
0.265885
0.273705
0.265885
0.261975
0.265885
0.265885
0.265885
0.265885
0.265885
0.261975
0.265885
0.265885
0.261975
0.265885
0.265885
0.269795
0.261975
0.261975
0.261975
0.261975
0.261975
0.261975
0.261975
0.261975
0.261975
0.265885
0.261975
0.261975
0.261975
0.261975
0.261975
0.261975
0.261975
0.261975
0.265885
0.261975
0.261975
0.261975
0.261975
0.261975
0.261975
0.261975
0.261975
0.261975
0.261975
0.261975
0.261975
0.261975
0.265885
0.261975
0.261975
0.261975
0.261975
0.261975
0.261975
0.261975
0.261975
0.261975
0.261975
0.261975
0.261975
0.261975
0.269795
0.261975
0.261975
0.261975
0.261975
0.265885
0.261975
0.261975
0.261975
0.261975
0.261975
0.261975
0.261975
0.261975
0.269795
0.261975
0.261975
0.261975
0.261975
0.261975
0.261975
0.261975
0.261975
0.261975
0.261975
0.261975
0.261975
0.261975
0.261975
0.261975
0.261975
0.261975
0.261975
0.265885
0.261975
0.261975
0.261975
0.261975
0.265885
0.261975
0.261975
0.265885
0.261975
0.261975
0.265885
0.261975
0.265885
0.269795
0.261975
0.265885
0.261975
0.261975
0.265885
0.261975
0.261975
0.265885
0.265885
0.265885
0.265885
0.261975
0.265885
0.269795
0.261975
0.261975
0.261975
0.261975
0.265885
0.265885
0.265885
0.265885
0.261975
0.261975
0.265885
0.265885
0.261975
0.269795
0.265885
0.265885
0.265885
0.261975
0.265885
0.265885
0.265885
0.265885
0.265885
0.265885
0.265885
0.261975
0.265885
0.265885
0.261975
0.265885
0.265885
0.265885
0.265885
0.265885
0.265885
0.265885
0.265885
0.265885
0.265885
0.265885
0.265885
0.265885
0.265885
0.265885
0.265885
0.265885
0.265885
0.265885
0.265885
0.265885
0.265885
0.265885
0.265885
0.265885
0.265885
0.265885
0.265885
0.265885
0.261975
0.261975
0.265885
0.265885
0.265885
0.265885
0.265885
0.265885
0.265885
0.265885
0.265885
0.265885
0.265885
0.265885
0.265885
0.265885
0.269795
0.265885
0.265885
0.265885
0.265885
0.265885
0.265885
0.261975
0.265885
0.265885
0.265885
0.265885
0.265885
0.261975
0.265885
0.265885
0.261975
0.265885
0.265885
0.265885
0.265885
0.265885
0.265885
0.265885
0.265885
0.265885
0.265885
0.265885
0.265885
0.265885
0.265885
0.265885
0.265885
0.265885
0.265885
0.265885
0.265885
0.265885
0.265885
0.265885
0.265885
0.265885
0.265885
0.265885
0.265885
0.265885
0.265885
0.265885
0.265885
0.265885
0.265885
0.265885
0.265885
0.265885
0.265885
0.265885
0.265885
0.265885
0.265885
0.265885
0.265885
0.265885
0.265885
0.265885
0.265885
0.265885
0.265885
0.265885
0.265885
0.261975
0.265885
0.265885
0.265885
0.265885
0.265885
0.265885
0.265885
0.265885
0.265885
0.265885
0.265885
0.265885
0.265885
0.265885
0.265885
0.265885
0.265885
0.265885
0.265885
0.261975
0.265885
0.261975
0.265885
0.265885
0.265885
0.261975
0.265885
0.261975
0.265885
0.265885
0.261975
0.265885
0.265885
0.261975
0.265885
0.265885
0.261975
0.265885
0.265885
0.265885
0.265885
0.261975
0.261975
0.265885
0.265885
0.261975
0.265885
0.261975
0.265885
0.265885
0.261975
0.265885
0.265885
0.265885
0.265885
0.265885
0.265885
0.265885
0.261975
0.265885
0.265885
0.261975
0.265885
0.265885
0.265885
0.265885
0.265885
0.261975
0.265885
0.265885
0.265885
0.265885
0.265885
0.265885
0.261975
0.261975
0.265885
0.265885
0.265885
0.261975
0.265885
0.265885
0.265885
0.265885
0.265885
0.265885
0.261975
0.261975
0.265885
0.265885
0.265885
0.265885
0.265885
0.261975
0.261975
0.265885
0.265885
0.261975
0.265885
0.265885
0.261975
0.265885
0.265885
0.265885
0.265885
0.265885
0.261975
0.265885
0.261975
0.265885
0.265885
0.261975
0.265885
0.265885
0.261975
0.265885
0.265885
0.261975
0.265885
0.265885
0.261975
0.265885
0.265885
0.265885
0.265885
0.265885
0.265885
0.265885
0.265885
0.265885
0.265885
0.265885
0.265885
0.265885
0.265885
0.265885
0.265885
0.265885
0.265885
0.265885
0.265885
0.265885
0.265885
0.265885
0.265885
0.261975
0.265885
0.265885
0.265885
0.265885
0.265885
0.265885
0.265885
0.265885
0.265885
0.265885
0.265885
0.265885
0.265885
0.265885
0.265885
0.265885
0.265885
0.265885
0.265885
0.265885
0.265885
0.265885
0.265885
0.265885
0.265885
0.265885
0.265885
0.265885
0.265885
0.265885
0.265885
0.265885
0.265885
0.265885
0.265885
0.265885
0.265885
0.265885
0.265885
0.265885
0.265885
0.265885
0.265885
0.265885
0.265885
0.265885
0.265885
0.261975
0.265885
0.265885
0.265885
0.265885
0.265885
0.265885
0.265885
0.265885
0.265885
0.269795
0.265885
0.265885
0.265885
0.265885
0.269795
0.265885
0.269795
0.269795
0.265885
0.265885
0.265885
0.265885
0.269795
0.265885
0.265885
0.269795
0.265885
0.265885
0.265885
0.265885
0.265885
0.269795
0.265885
0.265885
0.269795
0.265885
0.265885
0.265885
0.265885
0.269795
0.265885
0.265885
0.269795
0.265885
0.265885
0.265885
0.265885
0.269795
0.265885
0.265885
0.269795
0.269795
0.265885
0.269795
0.269795
0.265885
0.269795
0.265885
0.265885
0.269795
0.265885
0.265885
0.269795
0.269795
0.269795
0.269795
0.265885
0.269795
0.269795
0.265885
0.269795
0.265885
0.265885
0.269795
0.265885
0.265885
0.265885
0.265885
0.265885
0.265885
0.265885
0.265885
0.265885
0.265885
0.269795
0.265885
0.269795
0.269795
0.265885
0.265885
0.265885
0.265885
0.265885
0.265885
0.265885
0.265885
0.265885
0.265885
0.265885
0.265885
0.265885
0.265885
0.265885
0.265885
0.265885
0.265885
0.265885
0.265885
0.265885
0.265885
0.265885
0.265885
0.265885
0.265885
0.265885
0.265885
0.265885
0.265885
0.265885
0.265885
0.265885
0.265885
0.261975
0.265885
0.265885
0.261975
0.265885
0.265885
0.261975
0.265885
0.261975
0.261975
0.258065
0.254154
0.254154
0.258065
0.254154
0.254154
0.254154
0.254154
0.254154
0.254154
0.254154
0.254154
0.254154
0.254154
0.254154
0.254154
0.254154
0.254154
0.254154
0.254154
0.254154
0.254154
0.254154
0.254154
0.254154
0.254154
0.254154
0.254154
0.254154
0.261975
0.261975
0.261975
0.261975
0.261975
0.261975
0.261975
0.261975
0.261975
0.261975
0.261975
0.258065
0.258065
0.261975
0.261975
0.261975
0.261975
0.258065
0.261975
0.261975
0.258065
0.261975
0.261975
0.258065
0.261975
0.261975
0.258065
0.261975
0.261975
0.261975
0.261975
0.258065
0.261975
0.258065
0.258065
0.261975
0.261975
0.258065
0.258065
0.258065
0.258065
0.261975
0.258065
0.258065
0.261975
0.258065
0.261975
0.261975
0.261975
0.261975
0.261975
0.261975
0.261975
0.261975
0.258065
0.261975
0.258065
0.261975
0.261975
0.258065
0.261975
0.261975
0.258065
0.261975
0.261975
0.261975
0.261975
0.261975
0.261975
0.261975
0.261975
0.261975
0.261975
0.261975
0.261975
0.261975
0.261975
0.261975
0.261975
0.261975
0.261975
0.261975
0.261975
0.261975
0.261975
0.261975
0.261975
0.261975
0.261975
0.261975
0.261975
0.261975
0.261975
0.261975
0.261975
0.261975
0.261975
0.261975
0.261975
0.261975
0.261975
0.261975
0.265885
0.265885
0.265885
0.265885
0.261975
0.261975
0.265885
0.265885
0.265885
0.265885
0.261975
0.265885
0.265885
0.265885
0.265885
0.265885
0.265885
0.265885
0.265885
0.265885
0.265885
0.265885
0.265885
0.265885
0.265885
0.265885
0.265885
0.265885
0.265885
0.265885
0.265885
0.265885
0.265885
0.265885
0.265885
0.265885
0.265885
0.269795
0.269795
0.269795
0.265885
0.265885
0.265885
0.269795
0.265885
0.269795
0.265885
0.265885
0.269795
0.269795
0.269795
0.269795
0.265885
0.269795
0.269795
0.269795
0.269795
0.269795
0.269795
0.269795
0.269795
0.269795
0.269795
0.269795
0.269795
0.269795
0.269795
0.269795
0.269795
0.265885
0.269795
0.265885
0.269795
0.269795
0.269795
0.265885
0.269795
0.269795
0.269795
0.269795
0.265885
0.269795
0.269795
0.269795
0.265885
0.269795
0.269795
0.265885
0.265885
0.265885
0.265885
0.265885
0.265885
0.265885
0.269795
0.265885
0.265885
0.265885
0.265885
0.265885
0.265885
0.265885
0.265885
0.265885
0.265885
0.265885
0.265885
0.265885
0.265885
0.265885
0.265885
0.265885
0.265885
0.265885
0.265885
0.265885
0.265885
0.265885
0.265885
0.265885
0.265885
0.265885
0.265885
0.265885
0.265885
0.265885
0.265885
0.265885
0.265885
0.265885
0.265885
0.261975
0.265885
0.265885
0.261975
0.258065
0.258065
0.258065
0.258065
0.258065
0.258065
0.258065
0.258065
0.258065
0.258065
0.258065
0.258065
0.258065
0.258065
0.258065
0.258065
0.258065
0.258065
0.258065
0.258065
0.258065
0.258065
0.258065
0.258065
0.258065
0.258065
0.258065
0.258065
0.261975
0.261975
0.261975
0.261975
0.261975
0.261975
0.261975
0.261975
0.261975
0.261975
0.261975
0.261975
0.261975
0.261975
0.261975
0.261975
0.261975
0.261975
0.261975
0.261975
0.261975
0.261975
0.261975
0.261975
0.261975
0.261975
0.261975
0.258065
0.261975
0.261975
0.258065
0.261975
0.261975
0.258065
0.261975
0.261975
0.261975
0.261975
0.261975
0.261975
0.261975
0.258065
0.258065
0.261975
0.258065
0.261975
0.258065
0.261975
0.261975
0.258065
0.258065
0.258065
0.258065
0.261975
0.261975
0.258065
0.261975
0.261975
0.258065
0.258065
0.258065
0.258065
0.258065
0.258065
0.258065
0.258065
0.258065
0.258065
0.261975
0.258065
0.258065
0.258065
0.258065
0.258065
0.258065
0.258065
0.258065
0.258065
0.258065
0.258065
0.258065
0.258065
0.258065
0.258065
0.258065
0.258065
0.258065
0.258065
0.258065
0.258065
0.258065
0.258065
0.258065
0.258065
0.258065
0.258065
0.258065
0.258065
0.258065
0.258065
0.258065
0.258065
0.258065
0.258065
0.258065
0.258065
0.258065
0.258065
0.258065
0.258065
0.258065
0.258065
0.258065
0.258065
0.258065
0.258065
0.258065
0.258065
0.258065
0.258065
0.258065
0.258065
0.258065
0.258065
0.258065
0.258065
0.258065
0.258065
0.258065
0.258065
0.258065
0.258065
0.258065
0.258065
0.258065
0.258065
0.258065
0.258065
0.258065
0.258065
0.258065
0.258065
0.258065
0.258065
0.258065
0.258065
0.258065
0.258065
0.258065
0.258065
0.258065
0.258065
0.258065
0.258065
0.258065
0.258065
0.258065
0.258065
0.258065
0.258065
0.261975
0.261975
0.258065
0.258065
0.258065
0.258065
0.258065
0.258065
0.258065
0.258065
0.258065
0.258065
0.261975
0.258065
0.258065
0.258065
0.258065
0.261975
0.258065
0.258065
0.258065
0.258065
0.258065
0.261975
0.258065
0.258065
0.258065
0.258065
0.258065
0.258065
0.258065
0.261975
0.258065
0.261975
0.258065
0.258065
0.258065
0.258065
0.258065
0.258065
0.258065
0.258065
0.258065
0.258065
0.258065
0.258065
0.258065
0.258065
0.258065
0.258065
0.258065
0.258065
0.258065
0.258065
0.258065
0.258065
0.258065
0.258065
0.258065
0.258065
0.258065
0.258065
0.258065
0.258065
0.258065
0.258065
0.258065
0.258065
0.258065
0.258065
0.258065
0.258065
0.258065
0.258065
0.258065
0.258065
0.258065
0.258065
0.258065
0.258065
0.258065
0.258065
0.258065
0.258065
0.258065
0.258065
0.258065
0.258065
0.258065
0.258065
0.258065
0.258065
0.258065
0.258065
0.258065
0.258065
0.258065
0.258065
0.258065
0.258065
0.258065
0.258065
0.258065
0.258065
0.258065
0.258065
0.258065
0.258065
0.254154
0.258065
0.258065
0.254154
0.258065
0.258065
0.254154
0.258065
0.258065
0.258065
0.258065
0.258065
0.258065
0.254154
0.254154
0.258065
0.258065
0.254154
0.258065
0.258065
0.254154
0.258065
0.254154
0.254154
0.258065
0.254154
0.258065
0.258065
0.254154
0.258065
0.258065
0.254154
0.258065
0.258065
0.254154
0.254154
0.258065
0.258065
0.258065
0.254154
0.254154
0.258065
0.258065
0.269795
0.903226
0.688172
0.527859
0.758553
0.981427
0.637341
0.617791
0.895406
0.782014
0.520039
0.731183
0.868035
0.621701
0.621701
0.883675
0.817204
0.539589
0.750733
0.914956
0.609971
0.609971
0.887586
0.793744
0.535679
0.770283
0.895406
0.609971
0.625611
0.883675
0.801564
0.543499
0.770283
0.911046
0.598240
0.625611
0.899316
0.789834
0.539589
0.789834
0.891496
0.590420
0.641251
0.891496
0.785924
0.543499
0.785924
0.903226
0.582600
0.633431
0.899316
0.766373
0.547410
0.801564
0.883675
0.582600
0.656891
0.895406
0.766373
0.547410
0.793744
0.895406
0.570870
0.645161
0.903226
0.754643
0.551320
0.813294
0.883675
0.570870
0.660802
0.895406
0.754643
0.555230
0.801564
0.887586
0.566960
0.664712
0.911046
0.739003
0.551320
0.821114
0.879765
0.563050
0.680352
0.911046
0.739003
0.559140
0.813294
0.883675
0.559140
0.672532
0.918866
0.723363
0.563050
0.832845
0.871945
0.559140
0.692082
0.914956
0.719453
0.566960
0.832845
0.868035
0.551320
0.688172
0.903226
0.707722
0.570870
0.840665
0.864125
0.551320
0.707722
0.907136
0.703812
0.570870
0.844575
0.860215
0.547410
0.699902
0.926686
0.692082
0.574780
0.848485
0.856305
0.547410
0.715542
0.914956
0.680352
0.582600
0.860215
0.852395
0.543499
0.715542
0.914956
0.672532
0.586510
0.860215
0.840665
0.543499
0.731183
0.911046
0.668622
0.594330
0.868035
0.836755
0.543499
0.727273
0.918866
0.660802
0.598240
0.871945
0.836755
0.547410
0.750733
0.914956
0.656891
0.606061
0.871945
0.832845
0.547410
0.742913
0.922776
0.645161
0.609971
0.879765
0.821114
0.543499
0.758553
0.914956
0.637341
0.617791
0.887586
0.821114
0.543499
0.762463
0.907136
0.625611
0.621701
0.891496
0.809384
0.547410
0.782014
0.911046
0.617791
0.633431
0.891496
0.805474
0.551320
0.778104
0.911046
0.606061
0.637341
0.899316
0.789834
0.551320
0.801564
0.899316
0.602151
0.649071
0.911046
0.782014
0.555230
0.793744
0.907136
0.590420
0.645161
0.911046
0.770283
0.555230
0.817204
0.899316
0.586510
0.664712
0.907136
0.770283
0.559140
0.805474
0.903226
0.586510
0.664712
0.911046
0.762463
0.563050
0.821114
0.891496
0.578690
0.680352
0.911046
0.762463
0.563050
0.821114
0.895406
0.574780
0.676442
0.914956
0.750733
0.563050
0.832845
0.883675
0.570870
0.688172
0.914956
0.746823
0.563050
0.828934
0.887586
0.566960
0.692082
0.926686
0.739003
0.570870
0.840665
0.879765
0.566960
0.699902
0.914956
0.727273
0.570870
0.840665
0.891496
0.566960
0.695992
0.922776
0.723363
0.574780
0.848485
0.871945
0.559140
0.707722
0.914956
0.715542
0.582600
0.848485
0.871945
0.555230
0.707722
0.922776
0.692082
0.582600
0.860215
0.860215
0.555230
0.723363
0.930596
0.695992
0.590420
0.864125
0.864125
0.551320
0.727273
0.922776
0.684262
0.594330
0.875855
0.848485
0.551320
0.742913
0.926686
0.672532
0.598240
0.871945
0.852395
0.547410
0.742913
0.922776
0.656891
0.602151
0.883675
0.828934
0.547410
0.758553
0.918866
0.645161
0.617791
0.887586
0.832845
0.547410
0.762463
0.926686
0.633431
0.617791
0.895406
0.817204
0.547410
0.774194
0.918866
0.629521
0.629521
0.903226
0.813294
0.547410
0.770283
0.918866
0.613881
0.629521
0.895406
0.801564
0.551320
0.785924
0.914956
0.609971
0.645161
0.899316
0.793744
0.555230
0.789834
0.918866
0.602151
0.645161
0.899316
0.782014
0.555230
0.805474
0.899316
0.594330
0.664712
0.903226
0.782014
0.559140
0.805474
0.907136
0.586510
0.656891
0.911046
0.770283
0.559140
0.817204
0.891496
0.582600
0.672532
0.914956
0.766373
0.563050
0.821114
0.899316
0.578690
0.676442
0.914956
0.750733
0.563050
0.825024
0.887586
0.574780
0.688172
0.918866
0.750733
0.566960
0.828934
0.895406
0.570870
0.684262
0.922776
0.735093
0.570870
0.840665
0.879765
0.563050
0.695992
0.922776
0.727273
0.570870
0.836755
0.879765
0.563050
0.703812
0.926686
0.715542
0.574780
0.848485
0.875855
0.559140
0.715542
0.914956
0.715542
0.582600
0.856305
0.871945
0.555230
0.711632
0.930596
0.699902
0.586510
0.860215
0.860215
0.555230
0.735093
0.914956
0.688172
0.594330
0.864125
0.860215
0.551320
0.731183
0.926686
0.680352
0.598240
0.871945
0.848485
0.551320
0.746823
0.918866
0.668622
0.602151
0.883675
0.848485
0.547410
0.739003
0.930596
0.656891
0.598240
0.883675
0.836755
0.547410
0.754643
0.918866
0.652981
0.613881
0.887586
0.836755
0.547410
0.750733
0.926686
0.641251
0.613881
0.879765
0.825024
0.547410
0.778104
0.914956
0.633431
0.625611
0.891496
0.817204
0.551320
0.774194
0.926686
0.625611
0.629521
0.895406
0.805474
0.551320
0.785924
0.914956
0.617791
0.637341
0.899316
0.801564
0.551320
0.789834
0.918866
0.606061
0.633431
0.903226
0.785924
0.551320
0.797654
0.907136
0.598240
0.652981
0.907136
0.789834
0.555230
0.805474
0.907136
0.598240
0.649071
0.907136
0.778104
0.551320
0.813294
0.903226
0.594330
0.660802
0.907136
0.778104
0.555230
0.809384
0.903226
0.586510
0.656891
0.907136
0.770283
0.559140
0.813294
0.895406
0.582600
0.672532
0.918866
0.774194
0.563050
0.821114
0.903226
0.578690
0.668622
0.922776
0.754643
0.566960
0.828934
0.891496
0.574780
0.688172
0.918866
0.746823
0.566960
0.828934
0.891496
0.566960
0.688172
0.922776
0.735093
0.566960
0.844575
0.879765
0.566960
0.695992
0.922776
0.727273
0.570870
0.844575
0.879765
0.566960
0.699902
0.926686
0.715542
0.578690
0.860215
0.868035
0.559140
0.711632
0.918866
0.715542
0.582600
0.848485
0.883675
0.555230
0.715542
0.922776
0.699902
0.586510
0.852395
0.852395
0.555230
0.731183
0.938416
0.695992
0.590420
0.860215
0.864125
0.551320
0.727273
0.926686
0.676442
0.594330
0.864125
0.844575
0.551320
0.746823
0.922776
0.668622
0.606061
0.875855
0.848485
0.551320
0.746823
0.926686
0.656891
0.602151
0.883675
0.840665
0.551320
0.762463
0.930596
0.649071
0.613881
0.887586
0.836755
0.547410
0.758553
0.930596
0.641251
0.613881
0.891496
0.821114
0.547410
0.774194
0.926686
0.633431
0.625611
0.899316
0.821114
0.551320
0.782014
0.930596
0.621701
0.625611
0.899316
0.805474
0.551320
0.789834
0.907136
0.617791
0.645161
0.903226
0.801564
0.555230
0.789834
0.914956
0.602151
0.645161
0.914956
0.785924
0.551320
0.809384
0.903226
0.598240
0.656891
0.911046
0.789834
0.559140
0.797654
0.911046
0.590420
0.660802
0.918866
0.774194
0.559140
0.817204
0.899316
0.586510
0.676442
0.914956
0.766373
0.559140
0.817204
0.907136
0.578690
0.668622
0.922776
0.754643
0.566960
0.821114
0.895406
0.578690
0.680352
0.911046
0.758553
0.566960
0.832845
0.895406
0.570870
0.680352
0.926686
0.742913
0.566960
0.836755
0.883675
0.566960
0.695992
0.922776
0.735093
0.570870
0.828934
0.887586
0.566960
0.692082
0.926686
0.727273
0.574780
0.848485
0.879765
0.563050
0.703812
0.922776
0.719453
0.578690
0.852395
0.883675
0.559140
0.699902
0.926686
0.711632
0.578690
0.856305
0.871945
0.559140
0.727273
0.922776
0.703812
0.586510
0.860215
0.871945
0.555230
0.715542
0.918866
0.692082
0.586510
0.868035
0.860215
0.555230
0.723363
0.926686
0.692082
0.590420
0.868035
0.864125
0.551320
0.723363
0.922776
0.676442
0.594330
0.871945
0.852395
0.551320
0.754643
0.922776
0.668622
0.602151
0.871945
0.852395
0.551320
0.746823
0.922776
0.656891
0.609971
0.887586
0.836755
0.547410
0.762463
0.930596
0.649071
0.613881
0.883675
0.832845
0.547410
0.762463
0.918866
0.637341
0.625611
0.891496
0.813294
0.551320
0.782014
0.914956
0.625611
0.633431
0.899316
0.809384
0.551320
0.785924
0.922776
0.613881
0.637341
0.899316
0.797654
0.551320
0.797654
0.907136
0.602151
0.656891
0.903226
0.789834
0.555230
0.809384
0.914956
0.594330
0.656891
0.914956
0.778104
0.559140
0.809384
0.907136
0.590420
0.668622
0.911046
0.774194
0.563050
0.809384
0.911046
0.582600
0.660802
0.914956
0.758553
0.563050
0.821114
0.899316
0.578690
0.684262
0.918866
0.750733
0.566960
0.825024
0.895406
0.570870
0.680352
0.922776
0.739003
0.566960
0.836755
0.875855
0.566960
0.695992
0.922776
0.731183
0.574780
0.836755
0.879765
0.563050
0.695992
0.922776
0.719453
0.578690
0.852395
0.868035
0.563050
0.715542
0.922776
0.711632
0.582600
0.852395
0.875855
0.555230
0.707722
0.926686
0.699902
0.586510
0.856305
0.852395
0.555230
0.731183
0.922776
0.688172
0.594330
0.864125
0.860215
0.551320
0.731183
0.934506
0.672532
0.598240
0.879765
0.844575
0.551320
0.746823
0.922776
0.664712
0.609971
0.871945
0.844575
0.551320
0.746823
0.922776
0.652981
0.609971
0.883675
0.828934
0.551320
0.766373
0.914956
0.645161
0.621701
0.895406
0.828934
0.551320
0.766373
0.922776
0.633431
0.617791
0.903226
0.813294
0.547410
0.778104
0.922776
0.625611
0.637341
0.891496
0.809384
0.551320
0.782014
0.918866
0.613881
0.633431
0.907136
0.797654
0.555230
0.793744
0.907136
0.609971
0.652981
0.907136
0.793744
0.555230
0.793744
0.903226
0.594330
0.652981
0.911046
0.778104
0.555230
0.813294
0.899316
0.586510
0.664712
0.903226
0.774194
0.559140
0.813294
0.903226
0.582600
0.660802
0.918866
0.758553
0.563050
0.821114
0.883675
0.578690
0.680352
0.918866
0.750733
0.563050
0.817204
0.895406
0.570870
0.676442
0.922776
0.746823
0.566960
0.836755
0.875855
0.570870
0.692082
0.918866
0.739003
0.570870
0.828934
0.887586
0.563050
0.692082
0.922776
0.723363
0.574780
0.844575
0.871945
0.559140
0.711632
0.911046
0.719453
0.578690
0.840665
0.875855
0.559140
0.707722
0.918866
0.703812
0.582600
0.852395
0.856305
0.559140
0.723363
0.918866
0.699902
0.586510
0.856305
0.864125
0.555230
0.719453
0.938416
0.684262
0.586510
0.864125
0.856305
0.551320
0.739003
0.918866
0.688172
0.598240
0.864125
0.852395
0.551320
0.727273
0.934506
0.660802
0.602151
0.875855
0.832845
0.551320
0.746823
0.922776
0.660802
0.609971
0.879765
0.844575
0.547410
0.750733
0.930596
0.641251
0.609971
0.883675
0.828934
0.547410
0.762463
0.922776
0.637341
0.625611
0.891496
0.825024
0.547410
0.770283
0.914956
0.629521
0.621701
0.895406
0.813294
0.547410
0.782014
0.914956
0.621701
0.633431
0.895406
0.805474
0.551320
0.778104
0.918866
0.606061
0.629521
0.903226
0.793744
0.551320
0.797654
0.907136
0.602151
0.652981
0.899316
0.785924
0.555230
0.809384
0.907136
0.590420
0.652981
0.907136
0.774194
0.555230
0.817204
0.895406
0.590420
0.668622
0.903226
0.774194
0.555230
0.805474
0.903226
0.578690
0.660802
0.911046
0.754643
0.555230
0.817204
0.891496
0.578690
0.672532
0.911046
0.750733
0.563050
0.828934
0.891496
0.566960
0.668622
0.914956
0.731183
0.563050
0.832845
0.875855
0.563050
0.692082
0.911046
0.735093
0.563050
0.825024
0.879765
0.559140
0.680352
0.911046
0.719453
0.566960
0.836755
0.871945
0.555230
0.699902
0.914956
0.711632
0.570870
0.828934
0.860215
0.551320
0.695992
0.914956
0.699902
0.574780
0.844575
0.848485
0.547410
0.707722
0.903226
0.684262
0.574780
0.836755
0.848485
0.539589
0.711632
0.907136
0.664712
0.578690
0.852395
0.832845
0.539589
0.723363
0.911046
0.664712
0.586510
0.848485
0.836755
0.539589
0.719453
0.907136
0.645161
0.594330
0.864125
0.825024
0.539589
0.742913
0.903226
0.641251
0.602151
0.856305
0.825024
0.539589
0.739003
0.914956
0.633431
0.606061
0.879765
0.813294
0.543499
0.758553
0.914956
0.625611
0.621701
0.887586
0.817204
0.543499
0.766373
0.914956
0.613881
0.621701
0.895406
0.801564
0.543499
0.778104
0.903226
0.609971
0.633431
0.899316
0.801564
0.547410
0.778104
0.911046
0.598240
0.633431
0.903226
0.778104
0.547410
0.797654
0.899316
0.590420
0.645161
0.977517
0.782014
0.551320
0.793744
0.903226
0.582600
0.649071
0.903226
0.770283
0.551320
0.805474
0.891496
0.582600
0.664712
0.903226
0.762463
0.555230
0.805474
0.895406
0.570870
0.656891
0.907136
0.957967
0.559140
0.825024
0.954057
0.574780
0.672532
0.899316
0.754643
0.559140
0.817204
0.895406
0.563050
0.672532
0.914956
0.739003
0.559140
0.828934
0.879765
0.563050
0.684262
0.911046
0.731183
0.563050
0.821114
0.875855
0.559140
0.680352
0.911046
0.719453
0.566960
0.836755
0.864125
0.551320
0.699902
0.907136
0.715542
0.574780
0.836755
0.868035
0.551320
0.688172
0.918866
0.695992
0.574780
0.852395
0.856305
0.547410
0.719453
0.918866
0.688172
0.582600
0.848485
0.856305
0.547410
0.715542
0.918866
0.676442
0.582600
0.856305
0.844575
0.547410
0.735093
0.911046
0.676442
0.590420
0.864125
0.840665
0.539589
0.727273
0.922776
0.652981
0.594330
0.868035
0.828934
0.539589
0.754643
0.918866
0.649071
0.602151
0.879765
0.828934
0.539589
0.742913
0.922776
0.633431
0.609971
0.883675
0.817204
0.543499
0.758553
0.911046
0.629521
0.621701
0.887586
0.809384
0.543499
0.758553
0.914956
0.613881
0.621701
0.895406
0.801564
0.543499
0.782014
0.907136
0.613881
0.637341
0.891496
0.793744
0.547410
0.778104
0.914956
0.598240
0.637341
0.899316
0.782014
0.547410
0.793744
0.899316
0.594330
0.652981
0.903226
0.782014
0.551320
0.797654
0.911046
0.582600
0.649071
0.903226
0.762463
0.551320
0.809384
0.895406
0.578690
0.664712
0.899316
0.766373
0.555230
0.809384
0.895406
0.574780
0.656891
0.914956
0.754643
0.555230
0.817204
0.883675
0.570870
0.672532
0.907136
0.746823
0.563050
0.821114
0.887586
0.563050
0.676442
0.911046
0.727273
0.563050
0.828934
0.868035
0.563050
0.688172
0.903226
0.727273
0.566960
0.832845
0.875855
0.555230
0.688172
0.922776
0.711632
0.570870
0.844575
0.860215
0.555230
0.715542
0.914956
0.703812
0.578690
0.848485
0.856305
0.547410
0.715542
0.918866
0.688172
0.582600
0.864125
0.852395
0.547410
0.727273
0.918866
0.680352
0.586510
0.856305
0.852395
0.543499
0.727273
0.918866
0.668622
0.594330
0.868035
0.836755
0.539589
0.742913
0.911046
0.656891
0.602151
0.868035
0.836755
0.543499
0.739003
0.914956
0.645161
0.602151
0.879765
0.821114
0.543499
0.762463
0.914956
0.633431
0.617791
0.883675
0.821114
0.543499
0.762463
0.918866
0.617791
0.617791
0.887586
0.801564
0.543499
0.778104
0.903226
0.613881
0.637341
0.891496
0.793744
0.547410
0.778104
0.907136
0.598240
0.633431
0.895406
0.782014
0.547410
0.793744
0.899316
0.594330
0.649071
0.895406
0.782014
0.551320
0.797654
0.903226
0.586510
0.645161
0.907136
0.770283
0.555230
0.813294
0.899316
0.582600
0.660802
0.899316
0.762463
0.555230
0.809384
0.899316
0.570870
0.664712
0.907136
0.742913
0.559140
0.821114
0.883675
0.570870
0.676442
0.918866
0.746823
0.563050
0.828934
0.883675
0.563050
0.680352
0.914956
0.723363
0.566960
0.836755
0.875855
0.563050
0.699902
0.918866
0.723363
0.566960
0.840665
0.871945
0.555230
0.695992
0.914956
0.707722
0.574780
0.840665
0.856305
0.551320
0.711632
0.911046
0.695992
0.578690
0.848485
0.860215
0.547410
0.703812
0.926686
0.684262
0.578690
0.848485
0.848485
0.547410
0.723363
0.914956
0.676442
0.590420
0.856305
0.848485
0.543499
0.731183
0.914956
0.664712
0.598240
0.871945
0.832845
0.543499
0.746823
0.914956
0.652981
0.602151
0.875855
0.832845
0.543499
0.742913
0.918866
0.637341
0.606061
0.875855
0.817204
0.543499
0.754643
0.914956
0.629521
0.621701
0.883675
0.817204
0.543499
0.758553
0.914956
0.617791
0.617791
0.887586
0.797654
0.543499
0.778104
0.907136
0.606061
0.633431
0.891496
0.797654
0.547410
0.785924
0.907136
0.594330
0.633431
0.895406
0.782014
0.547410
0.785924
0.895406
0.590420
0.649071
0.891496
0.782014
0.547410
0.793744
0.903226
0.582600
0.641251
0.903226
0.770283
0.547410
0.809384
0.883675
0.578690
0.660802
0.895406
0.762463
0.551320
0.801564
0.903226
0.570870
0.652981
0.907136
0.750733
0.555230
0.817204
0.883675
0.566960
0.676442
0.911046
0.750733
0.555230
0.809384
0.887586
0.563050
0.668622
0.911046
0.735093
0.559140
0.828934
0.875855
0.559140
0.684262
0.911046
0.731183
0.563050
0.828934
0.875855
0.555230
0.680352
0.918866
0.711632
0.563050
0.848485
0.860215
0.551320
0.703812
0.914956
0.703812
0.570870
0.832845
0.860215
0.547410
0.703812
0.914956
0.688172
0.574780
0.852395
0.844575
0.543499
0.719453
0.918866
0.680352
0.582600
0.852395
0.844575
0.543499
0.719453
0.911046
0.660802
0.582600
0.868035
0.828934
0.539589
0.739003
0.903226
0.664712
0.594330
0.868035
0.836755
0.539589
0.735093
0.918866
0.645161
0.598240
0.871945
0.821114
0.539589
0.754643
0.903226
0.637341
0.609971
0.871945
0.821114
0.539589
0.750733
0.911046
0.625611
0.609971
0.879765
0.809384
0.539589
0.766373
0.899316
0.621701
0.621701
0.879765
0.805474
0.539589
0.762463
0.918866
0.602151
0.621701
0.891496
0.789834
0.543499
0.778104
0.895406
0.602151
0.637341
0.895406
0.789834
0.543499
0.778104
0.899316
0.590420
0.637341
0.895406
0.770283
0.547410
0.797654
0.887586
0.582600
0.652981
0.895406
0.770283
0.551320
0.782014
0.891496
0.578690
0.641251
0.907136
0.762463
0.551320
0.809384
0.883675
0.574780
0.664712
0.903226
0.754643
0.551320
0.801564
0.891496
0.566960
0.660802
0.899316
0.739003
0.555230
0.817204
0.871945
0.563050
0.680352
0.907136
0.735093
0.563050
0.821114
0.875855
0.559140
0.672532
0.914956
0.715542
0.566960
0.832845
0.856305
0.551320
0.699902
0.903226
0.711632
0.570870
0.836755
0.864125
0.543499
0.695992
0.918866
0.695992
0.574780
0.852395
0.856305
0.547410
0.711632
0.914956
0.684262
0.582600
0.852395
0.852395
0.543499
0.715542
0.914956
0.672532
0.586510
0.864125
0.828934
0.543499
0.731183
0.907136
0.660802
0.598240
0.864125
0.840665
0.543499
0.731183
0.911046
0.645161
0.598240
0.871945
0.817204
0.543499
0.758553
0.914956
0.637341
0.609971
0.868035
0.825024
0.543499
0.750733
0.914956
0.629521
0.613881
0.883675
0.805474
0.539589
0.762463
0.911046
0.617791
0.625611
0.887586
0.801564
0.543499
0.774194
0.914956
0.606061
0.625611
0.899316
0.789834
0.547410
0.793744
0.903226
0.602151
0.645161
0.899316
0.782014
0.551320
0.789834
0.903226
0.586510
0.649071
0.907136
0.762463
0.551320
0.813294
0.891496
0.582600
0.660802
0.903226
0.762463
0.555230
0.801564
0.891496
0.574780
0.656891
0.914956
0.746823
0.559140
0.825024
0.875855
0.566960
0.680352
0.907136
0.742913
0.563050
0.821114
0.883675
0.559140
0.668622
0.911046
0.727273
0.563050
0.832845
0.868035
0.559140
0.692082
0.911046
0.719453
0.566960
0.825024
0.875855
0.555230
0.684262
0.914956
0.703812
0.570870
0.840665
0.860215
0.555230
0.715542
0.918866
0.699902
0.574780
0.805474
0.723363
0.434018
0.430108
0.394917
0.308895
0.281525
0.277615
0.277615
0.273705
0.316716
0.414467
0.394917
0.406647
0.594330
0.649071
0.473118
0.649071
0.848485
0.637341
0.582600
0.868035
0.832845
0.543499
0.739003
0.914956
0.660802
0.602151
0.864125
0.836755
0.543499
0.742913
0.922776
0.645161
0.602151
0.875855
0.825024
0.539589
0.758553
0.907136
0.637341
0.609971
0.871945
0.813294
0.539589
0.758553
0.911046
0.625611
0.609971
0.879765
0.805474
0.539589
0.770283
0.907136
0.617791
0.629521
0.883675
0.801564
0.543499
0.766373
0.911046
0.606061
0.625611
0.895406
0.789834
0.543499
0.789834
0.903226
0.598240
0.641251
0.895406
0.785924
0.547410
0.793744
0.907136
0.586510
0.645161
0.903226
0.774194
0.551320
0.801564
0.887586
0.582600
0.660802
0.903226
0.770283
0.551320
0.797654
0.887586
0.570870
0.613881
0.793744
0.609971
0.430108
0.496579
0.461388
0.336266
0.328446
0.332356
0.301075
0.281525
0.289345
0.285435
0.273705
0.277615
0.281525
0.277615
0.269795
0.277615
0.281525
0.273705
0.277615
0.285435
0.281525
0.277615
0.293255
0.304985
0.285435
0.308895
0.351906
0.344086
0.336266
0.453568
0.512219
0.402737
0.492669
0.613881
0.496579
0.422287
0.543499
0.543499
0.387097
0.430108
0.484849
0.387097
0.340176
0.371457
0.344086
0.289345
0.289345
0.289345
0.277615
0.273705
0.277615
0.277615
0.269795
0.273705
0.277615
0.273705
0.269795
0.277615
0.277615
0.269795
0.273705
0.281525
0.273705
0.273705
0.277615
0.277615
0.269795
0.273705
0.277615
0.273705
0.273705
0.281525
0.285435
0.273705
0.289345
0.293255
0.277615
0.277615
0.281525
0.277615
0.269795
0.273705
0.277615
0.273705
0.269795
0.277615
0.277615
0.269795
0.273705
0.277615
0.269795
0.273705
0.277615
0.273705
0.269795
0.273705
0.277615
0.273705
0.273705
0.277615
0.281525
0.273705
0.304985
0.347996
0.324536
0.355816
0.441838
0.437928
0.383187
0.527859
0.617791
0.445748
0.453568
0.543499
0.457478
0.340176
0.340176
0.312805
0.281525
0.277615
0.285435
0.277615
0.269795
0.277615
0.277615
0.269795
0.273705
0.277615
0.273705
0.269795
0.273705
0.277615
0.394917
0.273705
0.293255
0.484849
0.273705
0.301075
0.629521
0.273705
0.316716
0.613881
0.281525
0.336266
0.469208
0.289345
0.359726
0.273705
0.293255
0.609971
0.273705
0.301075
0.531769
0.273705
0.273705
0.277615
0.273705
0.269795
0.277615
0.277615
0.265885
0.273705
0.277615
0.269795
0.269795
0.277615
0.273705
0.269795
0.273705
0.273705
0.273705
0.269795
0.273705
0.273705
0.265885
0.273705
0.277615
0.269795
0.269795
0.273705
0.273705
0.269795
0.273705
0.273705
0.269795
0.269795
0.273705
0.273705
0.265885
0.273705
0.277615
0.269795
0.269795
0.277615
0.273705
0.269795
0.273705
0.277615
0.269795
0.269795
0.273705
0.273705
0.265885
0.273705
0.277615
0.269795
0.269795
0.277615
0.273705
0.269795
0.273705
0.277615
0.269795
0.269795
0.273705
0.273705
0.265885
0.273705
0.277615
0.265885
0.269795
0.273705
0.273705
0.265885
0.273705
0.277615
0.269795
0.269795
0.273705
0.273705
0.265885
0.273705
0.277615
0.265885
0.269795
0.277615
0.273705
0.269795
0.273705
0.273705
0.269795
0.269795
0.273705
0.273705
0.265885
0.273705
0.277615
0.265885
0.269795
0.277615
0.273705
0.269795
0.273705
0.277615
0.269795
0.269795
0.273705
0.273705
0.265885
0.273705
0.277615
0.265885
0.273705
0.277615
0.273705
0.269795
0.273705
0.273705
0.269795
0.269795
0.277615
0.273705
0.269795
0.273705
0.277615
0.265885
0.273705
0.277615
0.273705
0.269795
0.273705
0.273705
0.269795
0.273705
0.277615
0.273705
0.269795
0.273705
0.277615
0.269795
0.269795
0.277615
0.273705
0.269795
0.273705
0.273705
0.269795
0.273705
0.277615
0.273705
0.269795
0.273705
0.277615
0.265885
0.281525
0.543499
0.602151
0.586510
0.860215
0.844575
0.543499
0.723363
0.914956
0.656891
0.594330
0.864125
0.840665
0.543499
0.739003
0.907136
0.652981
0.598240
0.864125
0.840665
0.539589
0.735093
0.918866
0.649071
0.598240
0.871945
0.832845
0.543499
0.742913
0.907136
0.641251
0.609971
0.879765
0.832845
0.543499
0.754643
0.914956
0.633431
0.606061
0.891496
0.813294
0.543499
0.766373
0.911046
0.629521
0.625611
0.891496
0.817204
0.547410
0.766373
0.903226
0.613881
0.625611
0.899316
0.801564
0.547410
0.782014
0.907136
0.609971
0.637341
0.895406
0.797654
0.547410
0.774194
0.907136
0.598240
0.637341
0.895406
0.782014
0.551320
0.789834
0.899316
0.598240
0.652981
0.895406
0.785924
0.551320
0.793744
0.903226
0.586510
0.645161
0.911046
0.770283
0.551320
0.809384
0.895406
0.586510
0.664712
0.907136
0.766373
0.559140
0.801564
0.899316
0.578690
0.656891
0.907136
0.754643
0.559140
0.817204
0.895406
0.578690
0.672532
0.903226
0.758553
0.559140
0.817204
0.899316
0.574780
0.664712
0.918866
0.739003
0.559140
0.825024
0.875855
0.570870
0.684262
0.918866
0.742913
0.563050
0.828934
0.891496
0.563050
0.676442
0.911046
0.735093
0.566960
0.840665
0.868035
0.563050
0.692082
0.911046
0.731183
0.570870
0.836755
0.879765
0.559140
0.684262
0.918866
0.715542
0.574780
0.844575
0.864125
0.559140
0.703812
0.914956
0.711632
0.574780
0.832845
0.864125
0.555230
0.703812
0.918866
0.699902
0.582600
0.856305
0.852395
0.555230
0.723363
0.918866
0.695992
0.586510
0.860215
0.860215
0.551320
0.711632
0.926686
0.684262
0.586510
0.860215
0.848485
0.551320
0.735093
0.922776
0.676442
0.598240
0.868035
0.848485
0.547410
0.727273
0.922776
0.660802
0.598240
0.868035
0.840665
0.547410
0.742913
0.914956
0.660802
0.602151
0.879765
0.840665
0.547410
0.739003
0.926686
0.652981
0.602151
0.883675
0.828934
0.547410
0.758553
0.918866
0.645161
0.613881
0.879765
0.828934
0.547410
0.754643
0.922776
0.633431
0.617791
0.891496
0.821114
0.547410
0.774194
0.911046
0.625611
0.633431
0.891496
0.813294
0.551320
0.770283
0.918866
0.609971
0.629521
0.903226
0.793744
0.547410
0.785924
0.907136
0.606061
0.645161
0.899316
0.797654
0.551320
0.793744
0.914956
0.598240
0.641251
0.903226
0.782014
0.551320
0.801564
0.899316
0.594330
0.652981
0.907136
0.782014
0.555230
0.801564
0.899316
0.590420
0.652981
0.914956
0.770283
0.559140
0.805474
0.899316
0.586510
0.664712
0.903226
0.770283
0.559140
0.805474
0.903226
0.582600
0.656891
0.914956
0.762463
0.559140
0.817204
0.895406
0.582